1684.78
1652.92
1704.21
1697.61
1672.67
1696.86
1668.49
1673.5
1670.68
1668.78
1677.54
1682.9
1677.68
1679.35
1646.55
1655.7
1669.79
1654.44
1688.47
1690.38
1675.15
1682.14
1676.39
1647.05
1660.15
1635.97
1678.1
1670.94
1693.53
1656.9
1664.93
1684.74
1679.2
1663.09
1687.16
1676.79
1658.86
1655.71
1668.77
1675.37
1669.67
1656.02
1652.95
1665.59
1681.85
1684.38
1693.21
1672.31
1698.18
1665.67
1668.68
1707.64
1683.88
1686.25
1643.92
1674.29
1702.08
1671.84
1679.35
1704
1672.96
1699.04
1676.5
1682.97
1690.79
1672.43
1663.55
1680.22
1681.85
1705.75
