1666.45
1659.37
1687.41
1677.12
1689.29
1665.84
1664.65
1664.94
1683.6
1667.04
1666.96
1688.45
1687.61
1669.86
1679.88
1677.72
1652.79
1675.19
1681.53
1699.46
1669.9
1676.43
1672.42
1688.36
1697.81
1671.08
1669.3
1675.3
1682.06
1668.49
1679.04
1675.28
1669.94
1667.66
1698.15
1651.97
1653.78
1697.12
1656.01
1677.36
1678.34
1670.26
1646.03
1707.17
1685.82
1690.22
1690.84
1667.55
1669.49
1680.73
1684.24
1655.67
1684.68
1662.21
1677.21
1663.52
1665.04
1676.85
1690.35
1666.47
1714.81
1664.38
1654.06
1682.83
1665.87
1673.3
1684.63
1704.55
1670.73
1669.73
1641.71
1660.12
1658.41
1672.92
1678.58
1651.1
1666.03
1640.88
1659.13
1695.64
1683.93
1677.99
1676.47
1668.59
1687.16
1663.66
1678.23
1638.95
1671
1661.78
1686.32
1666.59
1648.61
