1673.43
1656.86
1673.23
1681.85
1653.1
1686.14
1679.63
1699.32
1665.88
1680.17
1668.75
1707.05
1684.82
1679.6
1656.12
1674.35
1676.59
1692.09
1650.09
1662.75
1709.67
1670.13
1706.4
1679.69
1678.24
1683.14
1675.21
1697.53
1688.08
1707.98
1661.05
1656.58
1676.93
1626.1
1647.19
1704.88
1696.87
1655.33
1666.07
1654.97
1691.49
1681.28
1682.53
1684.27
1684.18
1679.19
1694.5
1663.92
1675.34
1614.28
1654.87
1664.96
1700.55
1662.29
1648.54
1721.26
1641.1
1674.7
1679.42
1685.81
1660.27
1668.53
1680.57
1657.42
1649.65
1680.66
1669.11
1662.71
1668
1680.14
1659.7
1691.4
1686.74
1717.27
1686.83
1667.16
1688.9
1653.79
1667.09
1682.29
1695.02
1663.54
1666.46
1675.44
1667.55
1654.7
1708.79
1651.95
1702.03
1673.77
1677.4
1693.69
1704.39
