1663.09
1669.05
1667.55
1692.29
1689.4
1662.97
1692.91
1678.92
1673.74
1685.28
1691.83
1673.68
1686.68
1652.33
1662.18
1657.86
1643.09
1690.7
1655.97
1674.96
1665.52
1695.35
1688.41
1679.77
1659.94
1681.54
1671.07
1684.79
1684.61
1689.05
1653.02
1694.64
1666.23
1657.86
1683.65
1687.25
1671.24
1686.3
1690.38
1662.04
1689.17
1688.36
1696.59
1656.84
1667.48
1673.11
1684.53
1683.43
1649.41
1685.96
1735.64
1677.67
1656.65
1674.1
1668.76
1689.96
1708.22
1655.92
1681.98
1652.47
1677.7
1661.8
1670.5
1687.47
1709.85
1675.16
1708.5
1673.04
1688.73
1673.25
1690.05
1687.11
1699.36
1698.07
1647.83
1669.17
1677.26
1702.08
1654.89
1663.5
1656.61
1651.89
1685.11
1697.53
1669.33
1713.29
1678.37
1649.54
1677.54
1694.85
1661.02
1657.94
1660.93
