1666.54
1683.53
1674.16
1677.16
1680.55
1682.75
1676.22
1673.36
1687.63
1627.74
1684.48
1648.02
1658.69
1669.61
1685.68
1660.38
1696.78
1671.34
1709.58
1640.7
1664.65
1667.45
1660.2
1725.4
1652.84
1640.86
1675.66
1671.98
1672.47
1675.04
1664.99
1660.01
1695.69
1674.19
1700.09
1672.07
1676.95
1677.28
1672.05
1670.26
1671.18
1677.93
1684.59
1684.78
1654.94
1662.84
1687.04
1688.48
1696.95
1671.21
1686.59
1677.07
1671.92
1666.16
1654.2
1673.62
1690.06
1676.91
1680.87
1661.68
1700.19
1669.56
1692.54
1694.53
1680.68
1669.63
1682.32
1665.2
1689.59
1678.5
1679.8
1685.92
1667.47
1672.11
1666.17
1682.4
1686.49
1676.78
1648.26
1678.34
1687.23
1674.54
1701.58
1685.04
1658.67
1712.95
1664.52
1693.32
1686.17
1661.71
1675.46
1685.23
1711.76
