1671.55
1713.28
1680.78
1660.38
1679.41
1686.61
1637.43
1678.69
1645.81
1664.22
1668.34
1689.98
1665.26
1665.94
1642.43
1652.75
1707.05
1698.86
1702.73
1697.71
1690.51
1671.73
1677.51
1672.49
1701.72
1706.58
1670.04
1667.33
1671.82
1682.94
1675.52
1687.02
1653.95
1682.4
1633.98
1661.52
1675.94
1654.94
1694.42
1653.71
1706.41
1693.26
1638.12
1661.64
1674.62
1708.39
1666.2
1688.91
1674.11
1663.87
1682.99
1680.47
1700.25
1675.18
1669.64
1670.68
1669.54
1685.14
1677.65
1683.45
1688.16
1696.48
1701.11
1678.13
1692.15
1670.85
1683.58
1660.99
1680.52
1664.93
1697.47
1665.56
1664.82
1652.68
1659.82
1695.5
1689.09
1659.95
1636.98
1682.79
1684.12
1661.6
1694.79
1689.78
1676.48
1649.23
1671.99
1656.61
1659.67
1675.72
1680.37
1684.21
1637.77
