1706.32
1669.21
1663.53
1657.62
1686.4
1662.39
1665.36
1702.14
1686.27
1669.75
1670.35
1699.48
1683.5
1667.97
1647.32
1702
1662.75
1657.32
1672.2
1668.82
1684.77
1683
1665.77
1671.54
1646.22
1668.42
1668.27
1675
1661.84
1679.53
1663.61
1672.72
1666.67
1648.41
1699.25
1708.54
1676.69
1671.08
1658.71
1685.09
1660.51
1664.18
1662.57
1683.29
1656.52
1673.86
1675.83
1687.52
1658.93
1664.64
1684.3
1674.43
1667.5
1673.37
1697.8
1657.71
1661.37
1670.63
1667.28
1678.27
1682.14
1682.58
1677.39
1690.73
1653.55
1665.23
1678.97
1665.52
1670.72
1668.38
1690.08
1716.41
1684.38
1663.99
1657.62
1693.62
1673.01
1636.53
1688.81
1679.43
1660.07
1669.9
1696.11
1680.19
1681.79
1684.29
1706.81
1688.79
1700.21
1709.2
1655.02
1678.47
1648.55
