1683.04
1688.2
1710.65
1658.29
1654.02
1698.37
1693.25
1659.76
1681.47
1693.52
1656.98
1666.48
1695.63
1687.32
1660.69
1653.25
1667.46
1693.59
1673.49
1712.57
1675.76
1695.09
1671.02
1680.34
1680.52
1684.42
1680.46
1709.24
1681.92
1682.04
1662.61
1665.42
1678.22
1687.31
1683.71
1645.38
1705.75
1680.5
1653.31
1659.63
1688.32
1669.5
1671.41
1679.67
1671.07
1668.28
1663.74
1673.52
1655.41
1647.27
1664.4
1683.22
1651.67
1672.57
1708.2
1643.11
1675.04
1654.65
1681.34
1657.41
1658.41
1666.34
1671.43
1648.78
1682.63
1667.89
1683.72
1654.38
1683.27
1682.26
1691.7
1671.08
1681.03
1683.22
1665.82
1665.14
1690.07
1666.41
1725.43
1687.34
1684.49
1662.61
1671.91
1705.48
1649.45
1677.32
1669.36
1670.72
1683.36
1667.17
1674.54
1688.07
1679.34
