1687.68
1657.93
1648.55
1688.69
1675.39
1657.21
1664.95
1684.03
1682
1691.86
1674.12
1697.23
1698.2
1682.35
1669.83
1635.67
1686.34
1663.61
1665.15
1684.35
1729.12
1668.26
1677.07
1664.9
1691.86
1628.39
1680.1
1678.73
1692.48
1680.76
1707.77
1673.18
1666.62
1689.56
1659.62
1676.59
1672.52
1665.67
1692.48
1664.26
1684.85
1673.31
1697.29
1686.24
1713.3
1656.27
1680.11
1707.58
1690.2
1678.46
1691.72
1638.47
1669.97
1663.66
1662.35
1684.18
1663.13
1703
1685.68
1669.43
1664.04
1680.25
1697.54
1639.76
1665.53
1679.79
1679.85
1648.71
1677.94
1700.58
1665.77
1635.01
1674.51
1692.52
1693.7
1685.86
1688.74
1680.97
1688.03
1659.96
1664.58
1712.83
1680.96
1678.77
1675.6
1692.01
1665.85
1654.27
1647.92
1683.98
1687.49
1668.65
1692.27
