126 169 297 515 952 2253 7610 37398 19233 4361 7965 7452 5113 3307 2092 3067 3355 3451 3157 2714 2005 1532 1167 844 684 1180 1265 1433 1567 1518 194 284 457 833 1752 4408 17986 41689 9124 2824 8208 6527 4308 2636 1613 2822 3310 3521 3300 2949 2397 1770 1383 1077 807 1061 1233 1385 1569 1603 138 250 364 691 1190 2733 8820 40664 20776 5027 8598 7937 5481 3348 2208 3174 3574 3712 3321 2744 2260 1637 1289 948 732 1249 1378 1545 1611 1672 151 270 430 780 1622 4435 18939 44391 9270 2790 8873 7001 4616 2891 1854 3023 3565 3762 3782 3195 2649 1987 1533 1176 879 1205 1402 1570 1664 1776 
819 1119 1797 2917 4587 6865 8102 6973 4503 2882 3155 4082 4575 4248 3444 2812 4427 6584 7256 6441 4392 2816 1840 1162 801 1832 2067 2042 1994 1779 944 1429 2216 3706 5717 7932 8054 5878 3769 2317 3768 4314 4554 3996 3180 2324 3685 5670 7187 7261 5460 3568 2236 1417 994 1812 2003 2069 2058 1930 845 1271 1877 3108 4955 7531 8825 7729 5015 3118 3564 4464 4940 4668 3803 3087 4797 6980 7913 6942 4797 3037 1934 1274 849 2031 2177 2224 2133 1983 1095 1621 2513 4010 6370 8756 8986 6496 4177 2528 4121 4946 5048 4510 3541 2564 3946 5982 8027 8044 5993 3886 2518 1568 1101 1930 2162 2164 2258 2046 
384 514 696 968 1343 1876 2820 3783 4876 5227 1754 3907 10927 24480 13979 13172 10665 5758 2961 1665 923 625 421 321 213 1050 1180 1094 1031 936 464 665 860 1182 1672 2425 3543 4591 5371 5325 2915 6920 19246 23016 8876 11869 13735 8423 4292 2263 1329 909 589 398 290 1162 1197 1191 1137 1050 414 546 718 1105 1560 2198 3132 4324 5293 5718 2044 4525 12201 27294 15498 14489 11784 6412 3265 1823 1070 727 480 371 266 1247 1234 1223 1181 1073 561 684 979 1312 1941 2627 3932 5073 6111 5745 3028 7386 21317 25127 9210 13037 14915 9145 4825 2509 1443 879 610 431 265 1365 1334 1307 1288 1214 
403 577 811 1200 1847 2820 4420 6356 7061 6177 3820 6980 11164 10818 6566 6988 8658 7273 4833 2929 1761 1109 765 475 371 1298 1296 1341 1252 1221 491 697 1054 1554 2352 3602 5493 7120 7041 5390 5442 9692 12207 9145 5044 6017 8422 8470 6055 3878 2321 1468 935 654 454 1255 1371 1348 1276 1329 467 597 890 1301 1949 3112 4792 6849 7876 6650 4280 7830 12374 11864 7150 7671 9254 7842 5123 3157 2011 1274 851 612 445 1406 1405 1470 1401 1293 555 774 1156 1625 2626 4092 6137 7963 7936 5954 5852 10817 13708 10100 5428 6772 9449 9256 6764 4198 2652 1637 1113 766 541 1374 1472 1556 1565 1397 
3330 3923 4014 3745 3077 2261 1573 1198 901 637 1051 1240 1333 1376 1368 252 392 593 1025 1781 3952 9951 19936 13855 5572 9575 8946 5764 3346 2040 3779 4462 4299 3575 2809 2109 1449 1041 786 602 1155 1314 1433 1462 1424 258 396 532 873 1556 3031 6685 16576 20541 9366 8790 10545 7929 4710 2613 3890 4366 4633 4143 3385 2488 1788 1396 990 766 1225 1367 1412 1467 1558 290 470 726 1132 2216 4587 11232 22592 15444 6068 10780 9968 6649 3702 2237 4343 4850 4774 4139 3112 2269 1696 1289 883 671 1429 1486 1589 1609 1554 271 359 596 844 1592 3144 7229 18070 22454 10119 9855 11457 8805 5317 2967 
686 841 1114 1391 1865 2355 2762 3065 3083 2870 1372 2225 3610 5946 8296 3512 25926 30930 3752 1199 506 258 178 104 74 1427 1381 1273 1157 985 802 1006 1355 1658 2240 2671 3195 3319 3060 2704 1787 3066 4953 7586 9239 2321 9326 77688 10691 2448 944 463 265 161 99 1507 1520 1354 1273 1182 705 889 1253 1566 2085 2639 3137 3383 3461 3160 1557 2401 4155 6627 9249 4319 30250 36012 5057 1498 648 348 185 142 54 1656 1533 1416 1279 1112 845 1142 1383 1892 2392 2959 3404 3582 3424 3000 2062 3211 5337 8354 9792 1969 9162 82678 10422 2197 880 379 195 141 75 1647 1688 1539 1364 1144 
228 315 423 584 872 1409 2181 4079 6860 9385 3350 14623 42870 8412 2211 6123 5091 3605 2245 1593 1097 743 519 393 327 930 967 1024 1020 987 282 405 520 809 1268 1956 3161 5600 8759 10052 7468 38528 21655 4820 1746 6591 6103 4563 2933 2051 1414 981 696 468 369 1001 1058 1079 1066 1096 262 357 481 641 1040 1600 2717 4380 7603 10370 4236 16993 48519 9717 2862 6654 5675 3992 2637 1735 1141 847 586 438 354 1001 1067 1081 1078 997 293 452 608 906 1348 2168 3550 6424 10057 11490 7770 43688 23685 4843 1616 7583 6932 5282 3489 2329 1540 1060 769 591 408 1059 1181 1256 1239 1229 
492 619 781 1026 1360 1738 2158 2681 2971 3024 767 1436 2927 6783 17268 53397 14392 2202 711 289 175 91 67 40 29 1189 1125 1019 935 851 586 731 962 1246 1607 2184 2592 2997 3233 3050 1179 2244 4651 11911 23022 12892 78727 5752 1439 610 320 170 114 72 47 1242 1119 1146 1045 946 578 651 900 1140 1489 1953 2401 2906 3213 3396 941 1649 3294 7564 19074 59792 17200 2694 944 413 237 138 70 55 40 1202 1145 1121 1039 916 606 790 1036 1351 1678 2083 2772 3232 3377 3389 1182 2184 4628 12437 24228 12154 80191 5005 1206 477 247 138 75 59 35 1276 1248 1209 1141 983 
245 358 478 673 955 1643 2820 5011 8614 10807 5665 18547 25825 8215 2874 5823 5324 3945 2750 1906 1295 861 618 454 331 970 1067 1050 1031 1071 308 405 582 906 1374 2260 4031 7027 10921 10744 10837 30112 16438 5321 2094 5963 5978 4983 3531 2324 1534 1105 777 608 441 1030 1046 1171 1140 1107 238 391 515 783 1181 1924 3136 5663 9579 12130 6578 21106 29433 9539 3435 6536 5790 4437 2985 2028 1471 969 755 504 421 1116 1153 1234 1188 1140 311 427 647 954 1511 2464 4345 7673 11568 11493 11425 32921 17541 5573 2084 6595 6592 5306 3889 2700 1664 1229 852 606 498 1132 1175 1242 1274 1246 
3685 9994 23190 14995 5506 2265 1195 684 419 260 1483 1507 1487 1398 1249 756 1012 1351 1893 2557 3274 3925 4109 3736 2988 2470 4047 6285 8026 7341 6269 16925 22525 9447 3701 1754 960 581 382 274 1548 1491 1519 1312 1159 641 861 1214 1597 2220 3003 3782 4138 4086 3383 2061 3189 5096 7611 8226 4125 10687 24696 16083 6019 2594 1307 758 505 304 1592 1669 1479 1429 1264 823 1045 1484 1983 2682 3373 4123 4362 3900 3201 2634 4249 6658 8559 7838 7024 18714 24767 10074 3934 1779 928 627 401 275 1696 1734 1628 1418 1297 749 1014 1288 1835 2516 3500 4216 4495 4519 3846 2293 3774 5782 8213 9229 
138 307 612 1680 7890 84285 6853 1479 552 301 3092 2931 2488 2017 1619 1616 2020 2453 2930 3086 2887 2583 2006 1666 1237 1504 1874 2231 2579 2599 326 508 1286 3938 33159 27189 3429 1079 531 276 3267 2825 2387 1829 1336 1455 1915 2365 2939 3160 3161 2841 2395 1925 1471 1284 1776 2138 2607 2694 205 429 808 2164 10032 97705 8493 1994 761 345 3485 3322 2828 2331 1725 1730 2361 2776 3238 3424 3133 2905 2306 1770 1361 1720 2140 2532 2902 2951 221 415 1023 3620 35054 28341 3351 928 414 224 3498 3176 2663 2035 1622 1605 2111 2664 3156 3627 3588 3166 2771 2126 1628 1565 1935 2506 2928 3209 
1006 1417 2013 2789 3843 4613 4843 4266 3114 2417 2236 3029 3554 4189 3790 2223 4156 8627 14449 11834 5859 3032 1634 921 616 2116 2129 2066 1952 1680 1229 1737 2463 3500 4511 5203 4912 4058 2854 2047 2672 3465 4046 4283 3727 1705 3248 6383 12318 15043 9131 4474 2335 1339 839 2180 2276 2276 2110 1809 1136 1575 2214 3092 4356 5272 5510 4804 3622 2535 2470 3281 3968 4614 4337 2489 4828 9638 15795 12956 6729 3411 1886 1109 716 2360 2485 2312 2000 1777 1361 1951 2725 3870 4986 5565 5463 4357 3169 2310 2931 3915 4531 4631 4236 1953 3440 6964 13536 16415 9873 4822 2476 1431 841 2534 2544 2439 2271 2078 
8315 11551 9081 5229 2827 1718 1071 703 476 341 1113 1191 1188 1144 1058 489 678 913 1242 1895 2733 4063 5177 5725 4939 3701 7919 15107 14053 6808 10870 11496 7481 4176 2459 1360 941 568 408 347 1242 1292 1284 1170 1109 404 606 767 1150 1679 2403 3585 4946 5686 5770 2734 5733 12309 17633 10458 9089 12355 10092 5882 3119 1869 1200 779 511 386 1252 1376 1318 1296 1133 513 759 975 1526 2101 2925 4345 5721 6242 5480 4201 8876 16666 15503 7575 12265 12680 8314 4657 2601 1582 925 605 453 317 1373 1424 1381 1343 1284 466 692 851 1280 1793 2734 3925 5477 6506 6302 3087 6132 13602 19323 11969 
940 1358 2041 3174 4816 6443 6764 5584 3849 2471 2752 3474 3902 3904 3422 2469 4055 6601 8911 8209 5544 3321 1990 1287 817 2099 2179 2160 2089 1792 1140 1762 2639 4124 5861 7118 6416 4728 3150 2053 3206 3837 4111 3714 3184 1930 3278 5395 8263 9386 7300 4503 2774 1653 1131 2043 2108 2288 2223 1990 1077 1471 2191 3429 5033 7015 7149 5779 4004 2667 2881 3596 4384 4403 3692 2647 4253 7171 9258 8900 5995 3639 2231 1353 901 2140 2318 2290 2154 1926 1306 1885 2880 4466 6422 7872 7115 5255 3435 2311 3581 4217 4498 4211 3590 2204 3592 6024 9080 10254 7796 4869 2850 1843 1091 2202 2467 2522 2550 2155 
180 267 332 446 752 1107 2053 3790 7837 14006 6579 48000 16632 3177 1130 4874 4115 3212 2296 1585 1174 847 589 413 332 896 990 1032 997 961 212 301 373 612 953 1553 2822 5581 11069 14975 17895 49682 7330 2102 892 4958 4639 3791 2708 1890 1364 996 731 490 362 919 946 1000 1031 1028 201 253 382 534 835 1343 2280 4286 8697 15437 7831 54054 19163 3828 1443 5402 4595 3380 2504 1836 1261 854 682 484 405 1002 994 1103 1103 1061 236 291 457 626 1021 1824 3107 6334 12618 16971 19222 56267 7398 1984 800 5706 5440 4274 3214 2208 1520 1085 848 567 424 1015 1087 1164 1184 1126 
1566 2722 5267 10234 13673 9567 4881 2553 1449 819 2159 2206 2272 2138 1887 1199 1709 2594 3630 4628 5058 4776 3612 2622 1887 2525 3213 3615 3768 3474 2176 3930 7505 13113 12452 7003 3662 1956 1208 701 2371 2411 2217 2008 1705 1076 1539 2100 3215 4258 5176 5174 4338 3272 2325 2325 2979 3657 3939 3777 1725 3118 5851 11260 15492 10562 5353 2849 1576 1001 2371 2552 2520 2307 1987 1325 2040 2796 3876 5098 5692 5069 4103 2996 2055 2760 3536 4159 4187 3790 2290 4307 8539 14636 14133 7837 3948 2138 1212 798 2600 2701 2468 2302 1914 1167 1716 2451 3430 4674 5593 5771 4713 3667 2494 2541 3233 4086 4349 4092 
1540 2034 2436 3022 3271 3232 2822 2368 1769 1328 1387 1701 2079 2422 2577 375 699 1399 4288 20025 36113 6609 1985 853 472 3146 2997 2488 1945 1531 1830 2282 2866 3322 3536 3291 2672 2147 1648 1298 1709 1986 2334 2638 2696 352 574 1179 2772 9392 46538 16225 4003 1560 770 3413 3375 2951 2343 1843 1588 2157 2749 3301 3723 3569 3101 2513 1917 1473 1408 1849 2319 2494 2750 459 832 1799 4852 22417 40119 7714 2487 1084 609 3620 3233 2691 2161 1678 1954 2593 3225 3793 3968 3569 2974 2476 1815 1409 1787 2184 2620 2986 2954 309 545 1082 2679 9639 50292 17317 3967 1455 671 3852 3744 3149 2595 1980 
4938 9063 12767 9765 5155 2726 1483 961 666 408 1404 1457 1456 1348 1291 678 965 1163 1723 2658 3742 4751 5119 4546 3504 3435 5591 8017 8186 5989 7281 12484 12715 7832 4058 2156 1376 852 566 384 1491 1521 1518 1386 1268 618 877 1105 1606 2369 3336 4673 5381 5467 4439 2839 4818 7261 9157 7746 5352 10176 14102 10725 5762 3107 1762 1102 738 515 1468 1587 1676 1536 1434 737 1016 1449 2030 2872 4037 5202 5715 5241 3967 3807 6164 8918 9143 6709 7700 13522 14197 8409 4347 2288 1369 859 583 410 1731 1716 1608 1503 1396 628 949 1272 1795 2607 3560 4995 5991 5916 4851 3086 5087 7840 9959 8483 
1776 4351 15548 31549 9925 3094 1322 698 407 253 1707 1744 1626 1534 1285 914 1185 1617 2109 2738 3321 3620 3488 2994 2360 2097 3147 4603 5715 5847 3009 8858 29869 20658 6063 2324 1113 576 405 262 1818 1704 1632 1436 1263 787 1093 1425 1988 2493 3174 3616 3708 3465 2774 1854 2679 3930 5390 6195 2202 5211 17251 35132 11491 3789 1568 876 479 322 1955 2012 1786 1601 1471 994 1350 1775 2367 3019 3718 3977 3913 3313 2519 2472 3497 4985 6320 6409 3154 9318 33161 22355 6313 2330 1078 609 340 209 2016 2015 1881 1677 1407 877 1188 1623 2198 2847 3568 4180 4244 3788 3102 2113 3139 4556 6093 6932 
428 589 770 1008 1282 1893 2574 3343 4061 4172 1246 2531 6037 16132 21210 20470 14757 5713 2574 1223 766 440 240 200 143 1143 1105 1093 1016 913 539 725 952 1320 1810 2389 3113 4076 4269 4213 2069 4161 10943 24308 15878 16040 22172 9966 4099 1993 1098 631 392 291 240 1205 1203 1169 1129 1088 474 664 832 1148 1581 2124 2823 3755 4479 4604 1454 2996 7066 18182 23707 22775 16741 6674 2904 1505 861 581 355 241 190 1276 1281 1211 1139 1051 590 777 1041 1370 1925 2535 3458 4380 4900 4863 1933 4431 11737 26461 17061 17387 24163 10810 4328 1994 1129 611 394 256 205 1308 1248 1278 1228 1100 
179 205 389 526 917 1669 3431 8192 17815 15739 11571 16646 10261 4708 2287 4273 4325 3804 2957 2183 1550 1147 810 617 476 1056 1181 1219 1187 1253 273 346 503 846 1391 2669 5665 13301 20605 11598 16176 15092 7349 3454 1835 4181 4567 4304 3494 2701 2042 1414 993 759 572 1067 1161 1197 1300 1252 222 307 450 677 1093 1841 3796 8951 19201 17198 12477 18104 11188 5198 2554 4674 4616 4055 3153 2275 1646 1261 871 677 500 1155 1189 1261 1309 1267 247 295 500 775 1333 2660 5907 14035 21812 12109 17159 15888 7705 3604 1800 4530 4879 4719 3769 2908 2144 1549 1082 771 601 1058 1239 1371 1367 1359 
824 1355 2121 3531 5837 8374 8786 6256 3768 2384 2955 3539 3931 3506 2901 2392 3626 5291 6806 6417 5048 3383 2137 1484 890 2025 2234 2314 2305 2100 1181 1762 2840 4838 7605 9355 7779 5132 3139 1866 3478 4052 3983 3335 2738 1985 2949 4542 6397 7142 6065 4347 2806 1829 1227 1973 2258 2373 2430 2299 1017 1464 2401 3847 6559 9298 9476 6852 4290 2501 3284 3843 4164 4005 3193 2518 3946 5741 7284 7225 5518 3664 2363 1578 1073 2130 2348 2505 2505 2139 1210 1859 3031 5169 8131 10191 8625 5571 3348 2007 3867 4201 4336 3836 2949 2165 3279 4947 6811 7763 6585 4620 3039 1971 1331 2130 2380 2594 2553 2353 
249 328 513 766 1232 2018 3716 7039 11995 12137 8015 17278 15859 7331 3175 5441 5204 4397 3214 2296 1543 1137 740 588 450 1078 1170 1246 1233 1213 329 432 616 951 1532 2698 5194 9530 13032 9481 12267 18955 11250 4690 2307 4909 5456 4914 3768 2700 1873 1300 946 658 468 1038 1105 1102 1185 1206 286 358 556 846 1297 2127 3917 7143 12401 12766 8409 17600 16899 7481 3425 5545 5460 4639 3388 2333 1662 1058 840 607 439 1134 1227 1242 1233 1224 325 481 658 1035 1824 3057 5696 10712 14803 11145 13749 21340 12468 5321 2395 5664 6219 5509 4340 2950 2093 1500 1034 705 553 1181 1292 1315 1450 1304 
2795 3385 3471 3502 2853 2233 1733 1339 997 752 1026 1173 1400 1476 1536 166 264 416 728 1529 3722 14616 36643 10223 3033 8381 6722 4313 2605 1688 3167 3590 3603 3140 2674 2052 1561 1183 889 664 1126 1294 1424 1453 1555 192 240 399 656 1229 2667 7682 30416 22482 5916 8286 8178 5586 3409 2130 2978 3619 3793 3730 3163 2574 2011 1441 1097 801 1126 1328 1542 1639 1749 218 310 553 957 1893 4707 16439 40688 11599 3683 9068 7600 4775 2946 1900 3738 4091 4098 3852 3078 2434 1840 1415 982 725 1340 1553 1696 1827 1767 147 241 389 594 1201 2756 8587 35062 25572 6321 9843 9297 6393 4075 2528 
1162 1846 3028 4800 6887 8124 6662 4549 2764 1854 2561 2987 3293 3114 2786 1767 2816 4525 6543 7954 6667 4612 2950 1830 1205 2369 2665 2825 2787 2307 1525 2421 3808 6138 7957 7851 5649 3622 2368 1481 2900 3133 3271 3043 2521 1522 2326 3681 5748 7674 7816 5901 3802 2453 1578 2327 2733 2867 2761 2455 1221 1988 3089 4854 7192 8509 7117 4726 3047 1896 2678 3096 3323 3218 2908 1956 2907 4552 6922 8174 7176 4893 3133 1997 1338 2567 2848 3039 2790 2505 1735 2784 4369 6864 8971 8864 6550 4058 2618 1637 3285 3588 3683 3433 2882 1633 2594 4159 6564 8550 8803 6752 4361 2733 1778 2648 3036 3285 3295 2966 
407 459 607 809 1072 1455 2008 2681 3304 3547 399 851 2106 9031 59166 27151 7331 2552 1128 585 344 234 158 127 75 1019 1019 1013 888 821 462 602 791 1059 1384 1847 2441 3099 3551 3807 746 1584 4653 27249 35670 35557 15134 4635 1903 981 585 354 246 164 123 1091 1065 991 936 836 431 546 731 943 1216 1579 2161 2855 3482 3972 594 1103 2739 10464 66117 29760 8306 2956 1352 721 454 293 222 155 116 1126 1069 1000 1006 863 479 710 857 1126 1559 2007 2631 3359 4003 4163 642 1460 4507 28568 37992 38216 16316 4661 1773 944 492 303 215 144 120 1150 1152 1079 1068 1024 
672 873 1212 1696 2437 3168 3967 4371 3995 3184 2210 3337 5024 6660 6638 4794 11346 17931 10779 4664 2260 1148 740 459 287 1567 1501 1473 1325 1176 804 1159 1560 2209 3029 3953 4586 4669 3964 3081 3044 4484 6529 7577 6615 3744 8286 17369 16752 7864 3460 1798 1016 605 398 1676 1622 1684 1497 1357 724 1011 1318 1876 2658 3428 4400 4750 4488 3591 2471 3696 5481 7244 7162 5407 12618 19839 12001 5072 2507 1322 799 500 356 1743 1677 1658 1441 1375 935 1190 1744 2444 3298 4229 5056 4905 4332 3378 3320 4779 6895 7833 6994 3826 8816 18663 17897 8397 3669 1783 1099 605 418 1850 1782 1746 1664 1544 
262 391 563 931 1640 3254 7637 17097 16666 7446 7469 8931 7190 4798 2783 3753 4441 4321 3695 2942 2150 1563 1166 804 615 1200 1365 1376 1484 1492 375 485 821 1299 2337 5144 12070 19685 11708 4956 8701 8488 5877 3697 2374 3328 4133 4556 4107 3352 2449 1881 1305 935 711 1147 1320 1403 1529 1530 322 432 658 1060 1902 3680 8240 18099 17939 8152 7991 9460 7763 4980 3065 3960 4581 4606 3975 3092 2185 1605 1148 913 683 1331 1424 1611 1596 1611 343 546 811 1373 2645 5665 13528 22065 12824 5356 9848 9566 6625 4167 2450 3860 4641 5029 4752 3858 2941 2080 1510 1097 792 1277 1516 1597 1704 1631 
3833 4586 4806 4023 2951 2198 1566 1153 792 602 1097 1148 1279 1325 1359 282 432 626 1071 1852 3611 7801 14789 14032 7182 10427 11310 7355 4043 2253 4568 4907 4547 3638 2653 1924 1370 963 733 552 1188 1245 1416 1363 1429 286 389 619 934 1540 2712 5608 11830 16769 10844 8718 12354 9975 5724 3239 4169 4951 5205 4350 3349 2376 1620 1274 875 615 1130 1313 1391 1463 1425 319 482 717 1238 2066 4009 8460 15691 15135 7523 11159 12157 8042 4347 2329 4949 5485 5179 4077 2992 2231 1517 1017 762 570 1372 1476 1565 1536 1544 276 375 616 912 1573 2938 6088 12881 18960 11947 9604 13655 10764 6431 3343 
3245 4345 5044 4960 4035 3053 2187 1492 1066 759 1317 1456 1579 1593 1594 435 641 1069 1717 3338 6779 12632 14034 8160 4020 6876 7478 6138 4130 2558 3857 4824 5137 4627 3574 2581 1762 1269 880 634 1342 1503 1595 1580 1585 397 558 870 1424 2450 4786 9651 15094 11435 5686 6200 7618 6951 5079 3288 3475 4577 5382 5278 4299 3151 2216 1553 1201 786 1359 1522 1642 1745 1768 481 701 1203 1906 3661 7206 13719 15078 8794 4270 7355 7906 6432 4346 2724 4094 5076 5614 4789 3749 2806 1915 1412 915 708 1468 1661 1777 1725 1621 357 584 875 1416 2570 4967 10273 15824 12114 6148 6405 8153 7550 5504 3511 
6073 6383 5017 3464 2237 1503 1005 660 473 380 975 1012 1059 1092 1007 323 435 603 923 1371 2135 3652 6424 9092 8530 7696 23411 19431 6238 2257 6871 6373 4477 2929 2061 1350 899 646 506 352 1052 1123 1177 1148 1052 325 376 556 761 1175 1875 3158 5291 8306 10005 5065 14879 29411 11796 4167 7021 7152 5630 3908 2562 1790 1172 809 572 453 1061 1177 1253 1242 1243 398 500 694 987 1655 2504 4327 7195 10226 9687 8969 26352 22045 7281 2881 7452 6760 4942 3335 2160 1462 982 703 481 372 1161 1214 1224 1184 1256 284 430 587 823 1233 2094 3220 5773 8991 10822 5142 15838 31437 12701 4285 
1248 1969 3481 6011 9512 10074 6953 4002 2350 1449 2461 2842 2849 2685 2354 1644 2428 3584 5153 6101 6160 4659 3252 2045 1442 2460 2921 3149 3068 2700 1638 2720 4764 7910 10582 8998 5416 3102 1856 1175 2703 2983 2885 2614 2118 1396 2029 3077 4493 5829 6430 5406 4009 2641 1803 2237 2652 3047 3134 2882 1344 2253 3686 6560 10213 10947 7501 4539 2565 1605 2671 3136 3169 2861 2522 1767 2604 3942 5357 6707 6465 5087 3470 2366 1631 2581 3082 3266 3263 2839 1715 2904 5118 8542 11554 9741 5982 3410 2000 1222 3006 3158 3056 2829 2360 1477 2126 3180 4820 6423 6920 5741 4292 2886 1985 2480 2951 3308 3393 3115 
4102 8740 14406 11880 6236 3021 1690 963 634 395 1484 1521 1575 1396 1299 746 1063 1369 2025 2878 3956 4918 5041 4419 3419 3254 5013 7133 7749 5987 6201 11775 14562 8934 4474 2306 1324 815 533 381 1526 1549 1527 1411 1205 627 879 1234 1737 2466 3455 4438 4925 4862 3788 2579 4103 6249 7753 7180 4590 9239 15417 12704 6556 3394 1812 1099 717 469 1525 1662 1576 1584 1410 762 1060 1438 2165 3001 4118 5197 5257 4636 3505 3398 5553 7552 8294 6571 6811 13135 16422 10102 4930 2555 1491 878 556 371 1718 1848 1670 1594 1435 684 1024 1371 1836 2795 3801 5098 5627 5496 4359 2913 4819 6897 8859 8195 
10693 8939 5346 2904 1760 1116 735 503 357 239 950 1046 1015 1035 979 362 508 693 901 1336 1917 2912 4278 5471 5964 1785 6503 41961 18767 3730 10653 7513 4167 2357 1482 899 626 451 342 264 1034 1018 1009 938 971 359 465 577 795 1139 1652 2511 3566 5029 6013 1313 3835 16588 50497 8440 11602 9561 5706 3269 1954 1239 776 596 364 243 1042 1096 1098 1057 960 423 540 727 1000 1487 2071 3071 4569 5863 6424 2300 7535 45682 21289 4397 11822 8075 4642 2605 1560 1016 714 447 324 260 1211 1284 1160 1056 1043 347 490 670 886 1186 1790 2714 3991 5689 6653 1276 3628 17749 54402 8605 
10925 30860 14518 4431 1818 888 493 313 208 138 1241 1246 1199 1135 1061 573 718 1045 1297 1790 2409 3048 3604 3696 3482 1732 3507 7498 14464 14781 21626 27844 8603 3053 1493 797 504 303 218 140 1287 1242 1195 1131 1002 484 695 888 1176 1606 2172 2849 3596 3871 3981 1401 2544 5335 11481 17500 12321 34425 16281 5156 2116 1076 637 426 254 168 1340 1310 1292 1280 1121 661 830 1117 1426 1915 2626 3410 3915 4206 3801 2050 3859 8239 16208 16167 23415 30089 8773 3059 1426 754 443 285 190 144 1416 1375 1312 1204 1124 599 762 970 1313 1732 2401 2924 3807 4269 4087 1549 2789 5728 12197 19161 
246 300 446 594 928 1400 2246 3551 5494 7541 1282 5094 63339 12632 2171 7242 5471 3464 2247 1336 947 607 500 324 258 955 933 922 934 894 312 420 600 830 1181 1876 2909 4660 6829 8303 2879 17138 57155 5414 1579 7975 6599 4570 2979 1828 1208 804 612 406 324 970 995 1050 1060 1003 274 381 536 717 1043 1574 2464 3673 5836 8329 1654 6288 70391 15193 2809 7877 5965 3742 2401 1484 975 740 510 398 310 1006 1051 1088 1083 1034 328 430 624 874 1280 1981 3077 5073 7570 8892 2467 16775 60733 4979 1262 8640 7341 4914 3091 2025 1309 889 620 448 351 1018 1085 1108 1120 1081 
1082 1559 2181 3172 4264 5002 4867 4101 3017 2049 2127 2845 3240 3681 3443 1736 3348 6731 11929 12471 7229 3823 2035 1267 739 2388 2319 2212 1991 1664 1293 1976 2712 3814 4710 5233 4719 3592 2612 1767 2535 3057 3479 3533 3218 1446 2516 4997 9354 13565 10447 5508 2807 1616 966 2243 2447 2375 2190 1928 1244 1823 2478 3539 4702 5717 5596 4581 3339 2398 2365 3074 3745 3897 3870 2114 3868 7537 13416 14286 8563 4289 2354 1363 862 2702 2714 2660 2239 1936 1483 2041 3058 4111 5281 5703 5135 3957 2747 1971 2591 3398 3895 4007 3606 1532 2704 5265 10076 14923 11286 5906 3066 1726 969 2548 2669 2608 2376 2155 
3565 3911 4061 3449 2721 2030 1380 1071 835 609 1049 1093 1213 1293 1368 194 261 409 746 1328 2694 6597 18914 22008 8085 13213 10839 5790 3038 1676 3956 4210 3970 3145 2508 1803 1321 990 747 591 1093 1224 1338 1367 1294 178 274 462 657 1064 2057 4384 12069 26427 14732 11831 13150 8444 4406 2261 3788 4232 4249 3649 2900 2157 1552 1199 889 608 1065 1202 1347 1368 1328 253 366 542 842 1526 3105 7342 20517 23502 8976 14175 11565 6199 3322 1812 4381 4609 4339 3420 2715 1933 1465 1105 801 595 1247 1411 1427 1450 1492 171 295 398 608 1032 2041 4720 12816 28876 15974 13132 14724 9352 4815 2473 
204 256 422 610 1167 2407 6067 17972 23228 8358 8744 9333 6535 3900 2356 3513 3841 3753 3269 2445 1971 1417 1083 759 601 1084 1286 1312 1389 1318 266 387 543 999 1824 4096 11369 27563 15489 5345 10216 8607 5442 3129 1987 3231 3934 4028 3829 3055 2372 1738 1288 921 670 1120 1206 1404 1420 1487 224 323 453 797 1382 2845 6747 20047 25739 9274 9830 10314 7433 4271 2427 3764 4202 4186 3518 2829 2082 1456 1145 860 636 1189 1374 1486 1464 1541 235 357 533 940 1832 4190 11711 28588 16147 5582 10764 9258 5790 3345 2002 3584 4090 4323 3998 3203 2504 1808 1333 1027 728 1156 1398 1512 1602 1622 
588 805 1062 1431 1925 2521 3236 3595 3586 3220 1622 2619 4605 7476 9901 7126 28763 22016 5727 2124 912 521 283 181 138 1476 1484 1397 1188 1047 707 946 1319 1660 2337 2889 3536 3682 3540 3019 2147 3527 6019 9045 9452 4379 15096 36646 11591 3696 1614 837 479 317 185 1440 1461 1443 1260 1199 645 868 1187 1464 2084 2703 3289 3776 3953 3500 1775 2955 5011 8213 10294 8126 30603 24057 6467 2451 1137 660 416 254 187 1540 1461 1451 1289 1128 802 1081 1373 1945 2459 3210 3770 4236 3888 3349 2413 3877 6709 9916 10553 4459 16480 39970 12205 3767 1531 766 503 256 177 1701 1669 1526 1512 1202 
2875 5263 8567 10155 7699 4653 2631 1625 1055 634 1681 1797 1764 1642 1564 809 1168 1791 2628 3867 5375 6248 5677 4149 2887 3541 4908 5617 5294 4243 4263 7151 10485 9993 6458 3798 2117 1332 886 602 1833 2007 1840 1751 1557 794 1104 1517 2290 3511 5034 6415 6427 5179 3723 3228 4396 5757 6093 5134 3217 5548 8966 10742 8350 4931 2846 1744 1093 713 1761 1815 1926 1820 1712 871 1268 1856 2860 4194 5899 6507 5950 4510 3162 3775 5092 5974 5538 4412 4542 7614 11435 10999 7072 3971 2322 1443 897 628 1996 2148 2092 1857 1722 857 1166 1652 2542 3813 5386 6951 7003 5977 4099 3585 4930 6337 6674 5614 
447 783 1501 3307 9841 28562 16421 4966 2047 972 3386 3431 3107 2538 1976 1903 2458 3047 3622 3718 3506 2880 2172 1678 1297 1679 1993 2374 2642 2583 654 1172 2355 5936 18946 27685 9227 3340 1526 836 3467 3320 2833 2371 1719 1618 2187 2780 3514 3922 3838 3275 2583 1970 1408 1566 1906 2271 2560 2686 531 935 1691 3637 10947 30615 17446 5528 2264 1110 3519 3615 3150 2684 2081 1906 2607 3250 3889 4079 3676 3130 2353 1746 1266 1807 2156 2496 2594 2615 650 1196 2363 6284 20428 30909 10070 3510 1531 807 3937 3685 3147 2529 1949 1845 2507 3209 3899 4420 4088 3675 2987 2159 1668 1712 2139 2562 2827 2962 
120 208 469 1099 5334 112701 6206 1156 446 209 3133 2928 2527 2095 1530 1607 2101 2519 2883 2999 2945 2547 1962 1563 1282 1461 1823 2122 2482 2713 198 336 846 2761 24084 30623 3102 916 378 203 3293 2928 2432 1896 1472 1542 1918 2386 2858 3203 3016 2871 2336 1884 1442 1383 1705 2160 2542 2768 138 263 553 1471 6758 122661 7556 1685 617 264 3409 3271 2684 2225 1710 1755 2140 2687 3043 3254 3101 2658 2302 1610 1288 1624 1962 2407 2726 2933 141 319 658 2376 24222 31267 2609 743 305 154 3487 3060 2517 2086 1506 1621 2091 2553 3062 3449 3476 3044 2576 2063 1638 1397 1823 2208 2641 2959 
545 1013 2181 6023 24154 26400 6632 2245 1012 515 2761 2747 2496 2099 1713 1489 1991 2631 3207 3544 3563 3069 2437 1940 1474 1822 2240 2758 3220 3225 856 1665 3808 12924 39197 14380 4132 1679 889 526 2824 2745 2345 1964 1529 1345 1846 2369 3041 3575 3845 3618 3111 2340 1733 1661 2103 2673 3222 3258 663 1259 2580 6872 26747 29060 7581 2733 1226 734 2991 2889 2664 2237 1842 1573 2170 2895 3428 3804 3846 3385 2731 2161 1581 1990 2505 2966 3425 3335 824 1620 4049 13702 42942 15658 4404 1709 897 473 3319 3026 2651 2218 1825 1505 2042 2721 3483 3995 4230 3932 3383 2588 1979 1808 2293 2951 3556 3797 
241 327 428 597 916 1408 2275 3998 6574 9442 2747 12850 57146 7978 1972 6512 5122 3552 2373 1596 1089 736 567 415 297 992 1052 1004 1008 956 302 393 560 769 1118 1864 3149 5374 8418 10044 6245 41283 23449 4256 1510 6669 6102 4565 2960 2016 1297 996 639 502 380 971 987 1061 1029 1011 243 353 492 648 1000 1594 2495 4258 7369 10292 3459 15415 63186 9473 2611 6932 5638 3891 2622 1614 1120 750 594 439 335 1030 1124 1169 1091 1041 304 417 595 881 1272 2081 3515 5947 9394 11084 6170 44337 24693 4169 1361 7471 6789 4953 3380 2219 1540 1017 750 549 405 1059 1140 1128 1120 1176 
15308 11410 5558 2763 1587 876 568 395 279 209 1000 1028 1016 1009 935 418 504 732 942 1334 1853 2733 3808 4679 4907 1118 3157 16111 50799 7191 14210 8082 3924 2099 1191 723 512 346 241 185 978 1067 988 1001 848 335 436 596 830 1158 1655 2248 3210 4182 4842 915 2096 6963 45829 19053 16731 12569 6267 3161 1654 1027 679 434 339 243 1180 1047 1109 1099 1043 429 620 767 1081 1481 2075 2966 3997 5064 5357 1485 3893 18177 56955 8551 16360 9020 4402 2237 1316 825 551 333 248 202 1199 1237 1183 1044 1018 393 545 770 992 1291 1902 2589 3566 4865 5414 790 1955 7316 51962 20860 
1341 1938 2954 4611 6290 6883 5697 3997 2560 1738 2335 2735 3031 3023 2758 1579 2622 4400 7229 9079 8134 5301 3136 1956 1231 2659 2848 2728 2671 2209 1654 2514 3844 5756 6974 6686 5023 3276 2216 1414 2527 3012 3160 3074 2617 1375 2141 3592 5835 8646 9433 6820 4286 2509 1584 2450 2954 3044 2836 2438 1414 2131 3258 5001 6694 7474 6092 4122 2837 1814 2404 2923 3157 3201 2917 1745 2761 4694 7537 9960 8877 5640 3497 2011 1313 2883 3124 3126 2785 2337 1851 2778 4122 6309 7847 7481 5477 3671 2382 1608 2882 3311 3420 3231 2868 1488 2251 3888 6337 9555 10304 7672 4604 2727 1653 2873 3169 3224 3158 2761 
1445 2163 2997 4015 4712 4760 3940 2961 2105 1473 1822 2040 2352 2575 2496 1087 1902 3393 6561 11648 12061 7000 3517 1897 1028 2939 2979 2870 2430 1911 1968 2814 3891 4981 5530 4976 3893 2705 1853 1338 2121 2603 2819 2909 2637 909 1530 2740 5442 10373 14352 10578 5494 2831 1636 2994 3322 3246 2970 2402 1684 2436 3431 4679 5707 5679 4691 3525 2453 1634 2058 2549 2827 3032 2917 1317 2215 4005 7901 13976 13940 8251 4107 2231 1403 3465 3594 3299 2899 2275 2021 2998 3933 5208 5874 5131 4193 2992 1995 1410 2215 2765 2991 2994 2879 965 1606 2826 5536 10890 15242 11057 5739 2924 1694 3203 3456 3502 3083 2514 
1196 1637 2530 3803 5245 6466 5938 4335 2863 1939 2311 2884 3220 3351 3005 1875 3057 5102 8195 9477 7000 4303 2487 1598 992 2335 2539 2511 2311 1890 1404 2125 3286 4754 6261 6664 5490 3865 2532 1740 2674 3290 3607 3326 2937 1558 2499 4233 7166 9920 9118 5844 3591 2089 1383 2307 2633 2629 2605 2182 1182 1843 2816 4197 5994 6957 6260 4768 3204 2084 2558 3022 3580 3640 3291 2012 3277 5719 9098 10233 7801 4686 2772 1665 1085 2529 2810 2737 2500 2162 1608 2362 3665 5383 7094 7300 6079 4178 2869 1910 3154 3676 3902 3812 3268 1677 2802 4691 7810 10866 10153 6659 3790 2172 1413 2593 2904 3006 2795 2509 
4670 7319 9188 7481 4901 2912 1677 1144 760 553 1325 1459 1365 1403 1314 576 833 1238 1833 2851 4175 5848 6584 5748 4156 4358 7120 8740 7337 4581 6145 8827 9157 6455 3863 2380 1458 957 632 443 1486 1561 1522 1427 1311 506 717 1124 1573 2427 3618 5153 6693 6494 5174 3596 5951 8433 8579 6312 5164 8337 10394 8572 5410 3326 2023 1248 811 595 1489 1634 1650 1658 1531 714 938 1428 2058 3173 4837 6768 7518 6708 4652 5096 7975 9905 8204 5371 7046 9822 10221 6949 4322 2618 1514 1016 688 553 1559 1714 1728 1600 1419 569 779 1178 1689 2624 4089 5890 7569 7624 5717 3985 6513 9390 9481 6959 
650 1147 2542 7390 25337 20678 5890 2205 1001 529 2643 2555 2337 2058 1638 1462 1865 2413 3239 3739 3644 3196 2662 1973 1486 1795 2403 2816 3156 3214 1009 2021 4803 14974 32870 11589 3872 1720 919 558 2743 2468 2340 1922 1526 1287 1672 2246 2907 3548 3750 3636 3072 2466 1817 1691 2190 2710 3164 3358 786 1481 3088 8772 28936 23246 6824 2642 1321 704 2932 2857 2621 2285 1855 1616 2108 2782 3436 3999 4007 3707 2973 2177 1704 2107 2625 3190 3541 3523 1028 2013 5166 16931 37032 13022 4092 1723 866 529 3146 2937 2652 2172 1727 1481 2002 2669 3342 4068 4359 4209 3618 2769 2095 1975 2538 3283 3802 3852 
3062 2898 2449 2026 1502 1121 888 648 528 450 783 798 933 960 887 32 39 73 85 161 299 501 1298 5486 74092 19297 2033 643 283 130 3209 2810 2314 1911 1395 1115 882 646 536 439 826 934 911 991 1036 33 37 68 121 159 259 472 1033 3218 20123 127041 5882 1350 486 241 3478 3220 2728 2176 1746 1289 967 749 591 523 856 937 1018 1052 1039 41 52 67 126 192 374 747 1770 6898 84232 22788 2553 749 337 164 3585 3131 2637 2108 1519 1264 942 730 558 424 930 947 1086 1049 1112 38 38 57 88 133 202 375 880 2723 20090 140396 5396 1105 384 195 
2354 2893 3197 3338 2869 2331 1928 1421 991 783 1128 1242 1364 1626 1530 112 185 297 585 1228 3819 24333 35207 4933 1443 7153 5515 3617 2405 1553 2958 3355 3480 3354 2910 2278 1819 1365 1008 760 1245 1422 1659 1779 1737 130 181 290 535 1056 2601 9733 67048 13360 3063 7806 6808 4868 3165 2040 2652 3216 3594 3342 3124 2549 2096 1609 1200 902 1174 1374 1556 1682 1804 144 231 358 697 1644 4618 27093 39384 5845 1859 7695 5957 4019 2506 1766 2946 3489 3640 3424 2846 2311 1829 1327 982 797 1398 1396 1692 1758 1880 111 163 249 436 900 2276 9136 68609 12930 2780 7939 7119 5068 3305 2135 
825 1118 1656 2515 3756 5176 6123 5647 4402 2974 2768 3840 4581 4769 4117 3050 5398 8482 10085 7475 4327 2440 1475 942 594 1851 1907 1855 1819 1595 958 1384 2079 3072 4568 5920 6337 5322 3742 2464 3366 4454 4947 4775 3903 2511 4350 7405 9977 9330 5792 3300 1988 1340 776 1819 1976 1937 1904 1718 895 1228 1874 2698 4166 5576 6789 6388 4864 3167 3056 4200 5059 5246 4525 3551 6053 9637 11073 7999 4737 2728 1635 1018 653 2049 2169 2162 1975 1732 1061 1586 2419 3549 5068 6661 7010 5835 4186 2759 3667 4780 5491 5286 4248 2696 4675 8144 11504 10165 6470 3719 2234 1329 832 2101 2125 2200 2084 1898 
3902 3713 3146 2513 1895 1384 990 720 532 444 854 954 981 1011 1032 121 161 252 360 564 1129 2172 5407 16260 24771 43171 14354 3523 1303 682 4013 3708 2948 2309 1758 1337 886 716 550 408 930 1011 1102 1075 1098 139 168 275 373 607 913 1736 3729 9978 25996 23539 35615 7333 2557 1118 4320 4206 3599 2759 2075 1553 1122 832 633 461 883 1010 1056 1113 1119 162 223 332 469 783 1335 2573 6289 18411 27653 48502 16643 4168 1678 785 4442 4051 3400 2510 1824 1381 1045 785 616 414 1026 1108 1146 1179 1179 104 175 206 340 539 950 1786 3791 10858 28407 25108 38796 7519 2308 1038 
12996 11672 6227 3161 1659 1068 658 471 303 190 987 1078 1041 1005 914 420 530 660 995 1462 2059 2898 3893 4889 5065 1623 4949 20977 32669 7208 14000 9027 4557 2385 1430 865 627 388 288 212 1041 1085 1080 986 907 361 457 635 925 1228 1801 2550 3579 4706 5269 1338 3104 10326 42241 16167 14057 12340 6903 3374 1982 1073 730 493 353 257 1067 1078 1094 1068 1049 413 577 769 1144 1439 2159 3112 4214 5371 5496 2004 5686 23336 35509 8136 15169 9742 4805 2569 1534 847 616 451 273 207 1135 1212 1175 1192 1069 425 497 691 982 1321 1899 2730 3877 5061 5876 1227 3132 10791 45237 16913 
225 347 556 813 1486 2985 7263 16808 17690 7622 7846 9068 6961 4458 2609 3444 4085 4032 3526 2787 2027 1470 1062 808 601 1188 1329 1393 1500 1428 321 475 747 1287 2333 4782 11697 20791 12466 5084 8918 8429 5809 3492 2196 3298 4024 4240 4025 3200 2484 1762 1245 969 701 1197 1310 1318 1411 1470 301 389 603 1020 1742 3426 7987 18440 19398 8316 8282 9866 7642 4939 2844 3930 4633 4434 3874 3057 2181 1605 1190 854 660 1304 1428 1525 1520 1572 316 465 798 1312 2422 5409 13078 23938 14223 5624 10319 9774 6523 3985 2398 3833 4615 4970 4636 3708 2801 2061 1449 1099 773 1233 1438 1612 1656 1669 
362 465 650 964 1418 2345 3725 5993 7991 7824 4422 9855 17423 12378 5520 7164 7134 5550 3576 2290 1437 985 675 473 341 1141 1150 1201 1194 1142 404 585 801 1227 1856 3034 4755 7164 8346 7031 6804 14471 16633 8833 3950 6506 7708 6563 4657 2899 1824 1302 866 623 452 1133 1175 1219 1226 1166 378 458 742 1016 1557 2469 4080 6470 8758 8384 4846 10921 18905 13724 6224 7790 7812 6178 3970 2568 1601 1146 753 556 455 1270 1276 1363 1284 1232 455 623 924 1366 2014 3411 5385 8160 9489 7912 7403 16134 18615 9685 4364 7262 8478 7366 5052 3260 2109 1317 923 615 462 1222 1342 1372 1430 1377 
3514 4652 5421 5046 3928 2867 1922 1357 965 644 1275 1405 1493 1506 1497 459 646 1016 1738 2977 5632 10527 12408 8568 4302 7126 8100 6695 4340 2732 4235 5356 5792 4842 3451 2509 1692 1178 777 629 1348 1568 1521 1608 1495 382 609 924 1432 2389 4322 8433 13274 11590 6656 6136 8311 7871 5869 3809 3845 5087 5950 5383 4165 3117 2160 1505 997 758 1359 1469 1624 1720 1689 532 722 1229 1891 3294 6317 11270 13708 9190 4899 7495 8814 7243 4805 2977 4766 5760 6177 5173 3870 2763 1835 1297 904 682 1617 1701 1787 1731 1649 457 613 895 1504 2559 4707 9188 14239 12622 7187 6702 8788 8696 6316 4058 
2252 2627 2988 3036 2829 2348 1934 1381 1080 887 1096 1367 1544 1579 1747 55 108 174 333 803 3038 44969 15011 1900 575 6232 4704 3164 2190 1412 2636 2978 3193 3131 2693 2232 1774 1306 1008 803 1234 1355 1621 1796 1708 62 93 165 288 633 1852 9930 100856 5302 1240 6669 5923 3986 2778 1804 2505 2928 3310 3365 2967 2543 2140 1583 1285 941 1144 1358 1622 1769 1826 83 144 232 448 1040 3916 49973 17663 2470 771 6766 5195 3514 2374 1533 2854 3265 3421 3277 2900 2391 1965 1460 1149 845 1304 1523 1657 1865 1949 45 66 145 243 561 1466 9374 105058 4703 1102 7268 6322 4412 2958 1991 
7721 8657 6500 4089 2490 1573 992 765 471 357 1089 1169 1156 1155 1025 361 578 732 1106 1646 2504 3808 5604 7122 6458 4897 13113 23500 11546 4169 9324 8306 5725 3478 2145 1375 966 612 442 343 1136 1201 1219 1182 1119 362 500 633 908 1378 2215 3463 5186 7068 7673 3411 8654 22043 19772 7554 8871 9653 7304 4594 2740 1771 1097 729 557 415 1144 1214 1285 1274 1219 483 624 872 1257 1792 2977 4244 6429 7758 7202 5614 14819 26570 12956 4866 10176 9136 6129 3646 2251 1421 949 627 498 395 1256 1306 1287 1254 1206 381 534 728 1082 1503 2355 3677 5673 7770 8184 3501 9080 23832 21791 7991 
439 562 896 1462 2435 4375 7736 10860 9106 5363 5056 6903 7269 5561 3699 4035 5292 5732 4882 3643 2495 1616 1105 837 584 1419 1479 1506 1446 1489 549 808 1265 2092 3574 6417 10714 11445 7688 4270 6492 7837 6974 4946 3193 3641 5114 6067 5931 4586 3172 2274 1497 1047 724 1439 1480 1728 1667 1584 490 703 1053 1632 2725 4828 8661 11742 9849 5894 5657 7468 7819 6158 3941 4601 5713 6170 5428 4084 2694 1874 1288 935 700 1465 1573 1676 1653 1622 581 843 1257 2120 3768 6649 11115 12170 8149 4618 6958 8402 7497 5163 3391 3899 5342 6563 6144 4972 3346 2268 1591 1111 754 1516 1580 1714 1711 1731 
1209 1520 2048 2646 3040 3324 3293 2763 2227 1776 1481 1884 2603 3083 3255 613 1226 3349 15655 45296 7921 2278 842 438 255 2549 2366 2102 1705 1364 1453 1863 2422 3051 3417 3372 3110 2656 2093 1584 1870 2252 2892 3397 3592 525 977 2336 7614 42564 20710 4482 1727 737 484 2726 2589 2353 1997 1599 1227 1676 2219 2746 3315 3525 3447 2938 2371 1888 1729 2105 2673 3237 3471 769 1537 4111 17390 49684 8976 2660 1200 608 361 2630 2520 2180 1726 1477 1510 2038 2704 3111 3662 3715 3545 2831 2220 1764 2055 2571 3186 3643 3799 441 887 2116 7528 44588 21658 4288 1444 702 347 2882 2880 2542 2102 1741 
11390 8505 4794 2680 1538 989 595 402 292 208 1000 931 1015 883 943 362 454 683 833 1248 1801 2563 3699 4897 5541 1034 3706 35568 21526 2863 11724 7212 3967 2166 1390 851 598 423 298 214 1030 1077 976 998 937 330 445 600 809 1047 1629 2372 3425 4752 6023 874 2419 11019 87220 8100 12750 9714 5441 2909 1703 1090 730 512 369 243 1027 1067 1147 1038 1014 397 525 676 983 1356 1981 2873 4103 5398 6066 1489 4656 41040 25630 3753 12274 7808 4153 2295 1408 936 582 427 291 221 1156 1141 1093 1028 1024 349 535 602 890 1130 1697 2561 3676 5004 6337 685 2049 10539 91697 7607 
1716 2343 3269 4137 4723 4375 3664 2691 1957 1430 1596 2073 2313 2569 2526 849 1430 2687 5933 12718 16292 9200 4188 2180 1163 3398 3496 3096 2480 1982 2047 2841 3831 4601 4709 4178 3248 2362 1631 1167 1890 2227 2544 2496 2425 780 1262 2050 4203 9052 16483 13562 6468 3226 1726 3275 3544 3409 2915 2407 1825 2608 3504 4531 5077 4696 4006 2953 2043 1490 1856 2169 2581 2724 2703 1045 1645 3157 6508 13664 17805 10019 4680 2429 1371 3763 3802 3348 2785 2126 2260 3185 4145 5007 5184 4561 3550 2569 1892 1317 2152 2413 2711 2766 2675 715 1277 2200 4364 9964 17961 14560 6987 3267 1675 3608 3959 3885 3234 2552 
317 470 573 918 1478 2421 4197 6964 9680 8925 5822 11714 15168 9480 4406 6042 6307 5242 3651 2451 1571 1101 797 499 368 1109 1316 1221 1199 1142 385 557 755 1173 1912 3246 5609 8684 9935 7550 8423 14854 12868 6573 3266 5428 6598 5924 4459 3054 2055 1303 905 677 487 1121 1238 1241 1249 1251 359 521 751 1092 1629 2743 4594 7757 10838 9836 6441 12978 16980 10497 4958 6716 6970 5795 4128 2644 1796 1194 846 617 479 1246 1333 1388 1389 1320 463 592 823 1314 2085 3477 6134 9766 11101 8151 9487 16292 14366 7166 3487 5979 7121 6659 4972 3418 2205 1529 936 715 520 1202 1294 1331 1399 1352 
232 307 435 589 892 1357 2355 3945 6516 9189 2962 13677 52703 8348 2142 6368 5103 3549 2492 1594 1067 755 539 422 291 919 969 1004 1038 1002 320 423 598 809 1327 2002 3295 5611 8821 10495 6607 41376 24047 4624 1642 6979 6511 4762 3156 2033 1355 939 674 504 390 1002 1099 1161 1032 1080 279 371 499 670 1077 1612 2633 4330 7188 10315 3648 15578 58930 9789 2652 6872 5516 3983 2567 1646 1194 813 555 454 333 1045 1099 1068 1087 1044 309 401 637 799 1262 2080 3391 5890 9323 10911 6402 42544 24348 4362 1444 7318 6654 5021 3309 2141 1444 1024 716 534 375 1015 1080 1161 1119 1126 
202 242 391 576 879 1332 2183 3916 7393 11100 4278 24263 34317 5279 1517 5591 4732 3426 2362 1521 1033 775 571 414 338 952 998 1016 998 991 266 345 501 745 1133 1838 3182 5790 10119 12313 10419 59971 13669 3227 1300 5883 5444 4335 2978 2128 1377 1025 708 545 370 980 1034 1049 1081 1122 236 317 457 625 899 1465 2450 4450 8023 12193 5125 27624 39000 6471 2061 6224 5223 3782 2544 1797 1252 871 604 474 361 1034 1176 1140 1124 1143 293 409 502 810 1203 1944 3490 6213 11068 13649 10472 65190 13966 3171 1215 6637 6114 4587 3368 2317 1562 1058 817 529 444 1065 1187 1201 1163 1226 
371 637 1218 2572 6693 21293 22660 7235 2709 1276 3744 3823 3259 2725 2100 1993 2867 3340 3838 3853 3455 2711 2010 1458 1104 1611 1949 2167 2301 2393 561 1002 1972 4462 12727 28788 13587 4628 2065 1006 3795 3715 3170 2338 1766 1760 2354 3166 3708 3841 3677 3049 2405 1712 1258 1420 1763 2061 2266 2415 493 810 1490 2938 7540 22653 24163 8044 3088 1557 3938 4072 3531 2847 2123 2133 2863 3649 4128 3874 3560 2788 2228 1596 1177 1762 2039 2276 2507 2504 532 973 1998 4645 13861 31975 14730 4888 2121 1010 4207 4026 3467 2717 2057 2044 2762 3490 4206 4423 4221 3448 2644 1962 1455 1671 2068 2284 2611 2609 
10556 11220 7116 3892 2214 1361 782 534 402 249 1093 1147 1175 1162 987 425 561 775 1044 1583 2241 3356 4793 5516 5677 2899 7866 23775 20447 6616 12352 9780 5573 3044 1681 1080 747 487 363 245 1157 1137 1114 1145 1011 377 497 734 969 1405 1938 2946 4249 5467 6044 2152 4981 14557 29159 12279 10974 11797 7543 4204 2325 1397 896 628 387 347 1153 1148 1126 1167 1078 460 545 824 1132 1632 2442 3565 4835 5868 5713 3202 8347 24630 21347 6950 12972 10458 5959 3250 1802 1102 730 498 362 275 1184 1277 1243 1196 1114 433 570 789 1053 1516 2162 3157 4397 5760 6380 2186 4983 15383 31372 12663 
386 535 667 800 1115 1433 1796 2334 2769 2912 316 608 1329 3948 22060 40928 3111 823 378 193 114 72 46 35 20 1007 954 851 853 752 494 650 809 1051 1377 1711 2223 2712 3041 3180 553 1055 2616 9642 57727 98561 9706 1910 692 298 212 117 66 55 25 1084 1031 977 881 839 422 526 702 916 1242 1571 2042 2458 3007 3354 424 748 1693 4760 25150 46416 3862 1099 465 257 149 91 54 37 18 1095 1057 1008 889 799 483 652 855 1122 1473 1823 2341 2919 3223 3431 482 948 2450 9376 60504 103579 9410 1663 546 258 131 95 54 46 33 1148 1075 1120 977 849 
1616 4152 15678 33247 9229 2859 1185 650 364 244 1698 1694 1519 1444 1300 864 1204 1543 2079 2736 3157 3493 3327 2925 2278 2102 3076 4440 5416 5687 2949 8576 32808 20737 5622 2190 1102 637 363 240 1790 1830 1642 1502 1222 818 1040 1509 1971 2568 3171 3684 3790 3455 2724 1846 2597 4015 5393 6295 2071 5001 17745 37593 10577 3459 1504 792 459 312 1900 1939 1718 1586 1386 995 1234 1730 2196 2966 3604 3969 3797 3256 2578 2277 3371 4892 6220 6351 2851 8934 35352 22218 5750 2092 949 546 308 244 2026 1945 1762 1565 1406 868 1274 1571 2179 2836 3501 3915 3950 3594 3047 1904 3018 4286 6015 6709 
951 1670 2871 5305 9539 11907 8353 4585 2484 1403 2708 2902 2905 2788 2241 1713 2544 3525 4799 5459 5076 3915 2724 1915 1336 2120 2498 2822 2733 2491 1405 2347 4146 7687 12215 11088 6803 3523 2030 1269 3075 3237 3007 2600 2148 1479 2259 3131 4340 5587 5650 4819 3504 2420 1691 2116 2508 2804 3003 2848 1144 1747 3202 5883 10207 12841 9081 4788 2678 1609 2905 3206 3241 2917 2483 1830 2724 3815 5180 5772 5452 4259 3055 2017 1391 2340 2721 2876 2918 2728 1409 2460 4483 8535 12994 11964 7151 3811 2110 1252 3322 3496 3225 2910 2270 1639 2379 3466 5000 6078 6226 5270 3886 2661 1782 2212 2749 3138 3150 3098 
210 446 1088 4795 85831 9099 1547 603 266 143 2424 2355 2036 1680 1472 1287 1739 2157 2505 3014 3080 2869 2458 2018 1642 1667 2121 2759 3328 3568 367 909 2657 18172 48496 4110 1172 503 272 165 2569 2250 1994 1655 1339 1190 1522 2078 2409 2936 3206 3185 2824 2338 1862 1443 1907 2492 3145 3598 259 575 1532 6047 96582 11311 2150 729 377 186 2697 2635 2323 1911 1486 1412 1900 2319 2861 3225 3287 3158 2763 2188 1733 1769 2414 3067 3612 3895 302 728 2291 18020 50508 3643 976 423 200 121 2663 2484 2208 1826 1475 1334 1662 2188 2776 3277 3538 3443 3104 2524 2023 1659 2158 3007 3603 4012 
4365 19292 38014 7719 2435 1033 510 273 206 112 1408 1464 1367 1235 1100 648 926 1240 1604 2110 2622 3288 3496 3471 3032 1914 3323 5952 9445 10608 9504 42835 18702 4596 1800 915 478 309 200 173 1479 1477 1333 1192 1046 639 873 1098 1487 1879 2492 3108 3572 3703 3402 1599 2587 4590 7964 11116 4923 20490 40048 8551 2715 1202 662 378 248 158 1512 1462 1366 1261 1109 694 1002 1299 1740 2129 2711 3364 3673 3577 3010 1997 3454 6155 9962 11138 9315 44905 19064 4371 1568 739 452 250 164 110 1525 1591 1383 1279 1157 649 854 1138 1544 1893 2646 3359 3815 3834 3617 1624 2781 4916 8443 11786 
717 938 1329 1981 2847 3905 4993 5416 4518 3346 2647 3942 5274 6086 5589 4350 8272 12432 10527 5799 3004 1739 1073 678 410 1683 1692 1613 1516 1334 839 1210 1783 2409 3487 4704 5517 5245 4172 3003 3447 4761 6206 6322 5159 3271 6420 11191 13045 8540 4478 2406 1375 879 629 1659 1782 1726 1676 1515 790 1074 1401 2033 2996 4248 5212 5603 4888 3661 2903 4126 5576 6444 5756 4561 8949 13423 11097 6326 3236 1916 1074 752 495 1766 1779 1796 1596 1443 911 1277 1860 2708 3858 5040 5966 5523 4527 3311 3625 5254 6698 6734 5559 3462 6764 12324 14037 9166 4835 2495 1436 937 606 1835 1921 1905 1855 1597 
1838 4511 13879 28040 11034 3706 1635 818 502 282 1766 1740 1634 1516 1335 950 1238 1653 2268 2969 3518 3800 3627 3094 2268 2292 3269 4565 5542 5390 3134 8580 25292 20967 6793 2734 1322 692 427 290 1826 1852 1662 1497 1282 863 1099 1599 2022 2580 3410 3844 3987 3548 2839 1930 2921 4082 5421 6034 2196 5023 15475 30983 11935 4211 1945 1021 588 373 1897 1902 1790 1587 1468 995 1344 1813 2348 3115 3755 4116 3886 3388 2586 2422 3523 4950 5964 5889 3266 8667 27061 22695 7098 2662 1280 753 453 281 1963 1997 1933 1596 1393 880 1179 1645 2204 2923 3590 4319 4275 3894 3037 2099 3086 4525 5985 6505 
382 590 970 1814 3673 8734 18364 14457 6063 2682 4607 5032 4474 3519 2386 2595 3466 4108 4336 3789 3128 2147 1580 1163 884 1483 1635 1853 1880 1803 561 893 1481 2749 5979 14044 19488 9772 4214 2077 4929 4875 4094 3014 2196 2349 3201 3978 4363 4215 3536 2695 1985 1323 1059 1423 1585 1735 2021 1940 443 665 1162 2042 3919 9500 19839 15789 6773 3006 4945 5349 4849 3846 2725 2791 3784 4385 4606 4099 3258 2290 1644 1160 897 1661 1764 1955 1887 1969 545 844 1513 2895 6399 15480 21484 10952 4557 2257 5519 5431 4575 3396 2336 2551 3571 4370 4899 4656 3815 2927 2174 1568 1116 1538 1857 1938 2139 2139 
3475 10911 33154 13776 3983 1602 791 431 253 188 1460 1451 1394 1254 1109 727 978 1206 1697 2235 2839 3334 3531 3406 2794 2077 3569 5637 8101 7937 6283 22968 27704 7658 2781 1309 722 364 299 194 1549 1492 1381 1206 1112 619 893 1173 1522 2016 2740 3319 3697 3725 3198 1737 2832 4690 7054 8796 3729 12193 36069 15159 4570 1955 1025 546 333 236 1567 1592 1516 1386 1182 761 1042 1329 1859 2433 3183 3649 3995 3648 3038 2308 3732 5962 8588 8671 6542 25403 30432 8197 2826 1236 671 386 278 165 1682 1657 1549 1431 1258 817 973 1302 1739 2297 2968 3719 4185 4205 3574 1847 3103 5214 8129 9866 
1678 2405 3470 4555 5341 5258 4315 3216 2286 1549 1943 2366 2570 2714 2761 1149 2013 3541 7015 12541 13336 7873 3944 2173 1292 3193 3313 3201 2672 2202 2003 2850 3867 4909 5435 4890 3788 2634 1887 1291 2149 2482 2768 2741 2632 974 1465 2644 5067 9805 14177 10554 5621 2901 1632 3064 3308 3345 2980 2404 1741 2456 3493 4711 5630 5481 4534 3362 2429 1733 2004 2431 2712 2975 2810 1284 2116 3819 7372 13182 13899 8435 4294 2248 1315 3319 3547 3316 2838 2230 2172 2991 4361 5477 5856 5262 4086 2932 2004 1375 2250 2714 2945 3035 2736 954 1613 2895 5351 10479 15194 11578 6124 3135 1852 3271 3605 3724 3246 2599 
87 122 140 230 350 581 1086 2197 6015 22352 32754 22968 2637 754 368 3641 3186 2565 1957 1531 1087 836 660 495 357 874 988 958 981 994 109 147 225 317 537 816 1626 3829 11663 34466 100384 7520 1685 671 352 3821 3494 2852 2272 1672 1354 941 692 498 459 767 923 944 967 980 108 136 193 294 416 697 1204 2625 6856 24528 37218 26481 3389 1029 452 3941 3445 2784 2167 1617 1185 904 694 476 418 899 969 1045 1057 1091 100 132 189 320 492 841 1592 3921 12727 37794 108835 6835 1533 532 272 4099 3948 3306 2611 1900 1387 1078 810 597 485 910 998 1136 1063 1052 
565 1007 2440 8159 36636 17811 4302 1565 731 412 2596 2528 2211 1978 1590 1363 1839 2329 2948 3300 3562 3233 2614 2115 1526 1783 2309 2948 3255 3553 897 1913 4884 19822 40060 9288 3014 1252 714 382 2749 2600 2285 1928 1549 1274 1624 2192 2877 3523 3826 3646 3100 2572 2042 1740 2210 2748 3397 3674 705 1306 2955 9311 41010 20045 4980 1905 959 547 2751 2652 2505 2159 1728 1505 1962 2525 3132 3766 3774 3524 2857 2340 1725 1943 2645 3236 3623 3923 816 1658 4563 19375 40204 8938 2741 1149 592 335 2733 2690 2352 1941 1466 1346 1830 2250 2991 3639 3867 3828 3233 2678 2019 1780 2383 2933 3426 3801 
686 976 1435 2207 3427 5263 6800 6811 5206 3530 3235 4534 5361 5302 4311 3584 6036 8138 8253 5918 3616 2230 1352 926 575 1729 1698 1826 1681 1564 908 1274 1911 3089 4524 6649 7841 6655 4734 3005 4092 5395 5990 5321 4037 3127 4882 7749 9318 7841 4997 3104 1915 1223 795 1720 1917 1978 1918 1755 749 1063 1575 2363 3711 5549 7223 7270 5589 3785 3363 4823 5730 5558 4675 3843 6097 8755 8760 6245 3966 2361 1493 971 688 1778 1867 1977 1853 1679 953 1425 2045 3193 4999 6925 8167 7063 4900 3272 4351 5684 6295 5664 4216 3165 5340 8095 9782 8221 5349 3191 1973 1205 820 1894 2025 2118 1994 1910 
3743 3553 3028 2373 1757 1261 935 697 514 426 818 852 977 908 955 112 145 201 363 512 908 1800 4247 12955 27058 64199 10647 2239 859 421 3901 3653 2880 2202 1562 1198 851 675 535 414 905 947 984 1087 1040 103 160 233 358 500 807 1455 3062 8190 23975 25699 39114 5343 1652 788 4178 4002 3322 2579 1845 1403 1079 773 621 490 903 1001 1041 1112 1143 164 199 266 406 703 1106 2112 5096 14736 31114 73233 13124 2907 1091 562 4264 3762 3065 2371 1702 1248 925 728 539 408 978 1042 1063 1155 1064 112 177 199 299 485 806 1417 3200 8494 25248 26270 40875 5025 1443 640 
1433 2103 3139 4676 6029 6493 5175 3636 2396 1555 2127 2510 2899 2884 2736 1496 2475 4095 6881 9749 8757 5767 3221 1965 1204 2721 3019 2856 2566 2171 1837 2654 3945 5538 6716 6166 4617 3144 2145 1444 2443 2779 3074 2904 2567 1266 1963 3278 5742 8888 10002 7423 4607 2714 1657 2557 2980 3160 2977 2531 1516 2311 3504 5098 6732 7048 5720 4063 2704 1769 2348 2834 3075 3230 2942 1571 2669 4413 7818 10541 9830 6250 3759 2155 1382 3077 3237 3263 2835 2360 1907 2890 4385 6293 7358 6673 5174 3441 2210 1512 2626 3192 3385 3210 2832 1314 2093 3662 6173 9745 11044 8236 4955 2833 1658 2895 3310 3418 3258 2794 
113 180 326 540 1066 2416 8105 37947 17072 4114 7715 7000 4908 3335 2015 2941 3353 3441 3168 2592 2048 1546 1174 919 699 1206 1325 1416 1485 1531 223 333 502 904 1811 4821 19839 39433 8667 2758 8128 6497 4478 2688 1711 2688 3400 3646 3579 3098 2529 1927 1470 1059 817 1099 1353 1408 1525 1604 181 276 429 684 1406 2976 9487 42047 19395 4839 8355 7761 5405 3501 2260 3230 3613 3662 3463 2844 2175 1670 1317 896 753 1226 1434 1555 1672 1658 167 263 425 805 1679 4707 20381 41047 8855 2676 8670 6929 4607 2925 1885 2940 3575 3890 3782 3268 2592 1995 1512 1127 827 1166 1397 1483 1762 1700 
1625 2218 3065 3852 4236 4139 3547 2753 1961 1418 1618 1992 2400 2595 2548 805 1371 2815 6344 15594 19235 8778 3766 1755 991 3256 3260 2976 2380 1854 1992 2705 3484 4232 4511 3969 3233 2472 1785 1285 1954 2255 2508 2683 2566 716 1130 2139 4398 10802 20762 14324 5982 2658 1361 3366 3603 3198 2769 2178 1701 2575 3180 4031 4603 4401 3903 2895 2154 1546 1763 2182 2548 2715 2827 921 1583 3179 7012 16765 20442 9647 4123 1981 1120 3592 3509 3145 2576 2056 2108 2966 3888 4592 4809 4423 3548 2657 1855 1422 2037 2414 2808 3016 2754 701 1186 2179 4788 11363 22538 15287 6214 2771 1527 3798 3826 3556 2916 2370 
20893 10318 4149 1827 1057 577 398 266 186 136 1011 949 893 885 806 407 505 649 939 1212 1654 2344 2946 3783 4320 365 911 3944 92679 8242 16542 6871 2955 1502 843 518 366 250 172 130 991 1002 960 923 860 345 449 549 797 1063 1497 1960 2636 3632 4166 294 709 2139 14813 50098 22650 11134 4629 2125 1192 708 427 316 194 180 1041 1011 951 958 930 423 556 716 941 1295 1770 2458 3335 4139 4539 446 1164 4977 100880 9949 17929 7257 3122 1579 871 535 381 248 175 125 1058 1078 1084 1003 928 387 497 687 853 1243 1627 2149 2924 3908 4626 252 580 1827 14772 53040 
1950 2525 2853 2968 3016 2603 2119 1671 1263 1030 1178 1324 1534 1727 1826 92 147 302 566 1691 9335 85032 5312 1160 482 5074 4138 2991 2154 1515 2412 2850 3118 3131 2916 2542 2034 1597 1156 887 1344 1487 1677 1964 1932 100 128 256 485 1266 4134 45252 19762 2937 934 5362 4803 3709 2573 1931 2094 2685 3140 3346 3244 2805 2355 1748 1454 1132 1244 1450 1665 1996 2012 110 199 376 800 2182 11017 94573 6674 1566 632 5439 4458 3238 2279 1594 2630 3255 3524 3624 3306 2819 2230 1684 1349 1017 1485 1782 1855 2100 2206 79 139 255 428 1064 3716 48554 19821 2520 797 6023 5425 4179 2952 2077 
1869 2792 3839 5092 5563 4859 3648 2610 1730 1168 1702 1979 2117 2210 2216 878 1378 2487 4704 8493 11666 9657 5279 2904 1667 3595 3702 3585 3032 2319 2359 3478 4800 5850 5483 4408 3221 2188 1554 1035 2009 2264 2352 2336 2223 775 1186 2104 3636 6801 11205 12237 7734 4187 2236 3522 4029 4056 3478 2811 2063 3015 4192 5516 5855 5250 3955 2752 1875 1278 1822 2144 2326 2428 2333 888 1641 2682 5035 9063 12737 10300 5748 3080 1831 3838 4143 3851 3254 2529 2721 3678 5142 6234 6053 4942 3504 2479 1638 1111 2091 2416 2597 2652 2419 838 1368 2189 3827 7244 12228 13021 8246 4484 2509 3846 4325 4436 3896 2913 
1429 2017 2966 3981 4787 4957 4214 3206 2265 1559 1895 2269 2653 2853 2844 1167 2117 3960 7973 14106 12549 6590 3213 1776 1018 2999 2944 2727 2443 1921 1814 2567 3590 4630 5285 4913 3878 2840 1988 1364 2242 2605 2802 2924 2783 1025 1705 2984 5971 12008 15556 9768 4760 2489 1449 2886 3259 3086 2700 2276 1572 2173 3136 4262 5251 5286 4609 3437 2497 1736 1938 2500 2909 3080 3028 1304 2385 4374 8951 15223 13588 7120 3713 1968 1125 3165 3258 3202 2527 2203 1941 2929 3917 5009 5809 5333 4349 3172 2124 1566 2436 2875 3273 3245 3075 1012 1689 3157 6438 12799 16940 10524 5016 2584 1486 3173 3488 3432 3046 2386 
7900 14190 13027 6754 3112 1684 962 561 387 316 1267 1340 1208 1280 1103 519 765 995 1543 2021 2913 3848 4654 4750 4062 3025 5694 10717 12905 8560 11466 15506 9952 4879 2425 1409 898 535 371 262 1352 1347 1322 1175 1092 529 707 888 1233 1797 2549 3532 4590 4923 4572 2335 4210 8401 13398 11682 8765 15631 14369 7555 3449 1945 1119 724 481 353 1363 1457 1378 1294 1206 595 866 1140 1531 2261 3281 4255 5072 5140 4382 3318 6315 11780 14217 9537 12568 17005 10995 5165 2702 1450 859 593 384 302 1447 1435 1446 1279 1152 548 736 961 1393 1997 2770 3815 4994 5369 4931 2362 4569 9074 14501 12579 
1611 2077 2507 3036 3143 2972 2625 2147 1679 1264 1251 1572 1934 2155 2363 225 404 870 2168 10239 63009 8428 2052 776 359 3627 3166 2566 1980 1484 1909 2345 2896 3201 3141 2948 2466 1914 1417 1118 1541 1878 2140 2313 2314 233 405 809 1598 5061 33892 26943 4416 1473 663 3672 3344 2973 2313 1833 1743 2318 2844 3311 3541 3388 2953 2367 1841 1433 1397 1789 2123 2398 2649 301 563 1158 2948 12445 72346 10424 2600 1055 542 4074 3558 2981 2279 1678 2096 2566 3113 3558 3519 3269 2638 2145 1658 1262 1649 1979 2357 2562 2659 186 292 646 1552 4855 36237 28725 4291 1294 596 4102 3759 3250 2513 1943 
