490 688 1130 1860 3338 5928 9813 10784 7540 4192 4556 5780 6022 4930 3530 3469 4955 5805 5536 4236 2979 1975 1454 933 658 1476 1626 1817 1728 1626 664 946 1546 2607 4646 8270 11792 10221 6261 3284 5535 6519 6064 4579 3180 3156 4645 5671 6241 5219 3889 2714 1816 1296 837 1560 1685 1864 1856 1787 542 807 1206 1994 3594 6359 10749 12212 8204 4629 4839 6411 6441 5334 3789 3874 5449 6282 5926 4673 3310 2222 1537 1044 753 1619 1785 1896 1849 1775 667 987 1580 2705 4834 8655 12441 10986 6517 3591 5832 6839 6227 4795 3235 3253 4743 6174 6659 5506 3994 2819 1952 1317 929 1672 1804 1824 2062 1942 
256 411 601 902 1396 2555 4452 7952 11152 9246 6348 11779 12625 7551 3777 5219 5624 4955 3519 2505 1638 1199 857 585 446 1135 1253 1216 1239 1165 401 547 759 1253 1997 3556 6457 10574 11310 7731 9676 14292 10953 5773 2930 4938 5920 5685 4531 3183 2163 1545 1074 781 523 1172 1236 1347 1287 1295 359 485 687 1093 1685 2892 5039 8820 12474 10385 7293 13193 14163 8475 4259 5887 6369 5381 4126 2806 1876 1306 970 704 485 1250 1395 1377 1412 1322 389 557 858 1388 2239 3965 7288 11694 12805 8512 10816 15709 12223 6270 3269 5496 6648 6469 5161 3523 2446 1713 1209 815 609 1340 1416 1479 1532 1449 
4764 6790 7688 6342 4358 2797 1745 1146 847 552 1365 1352 1488 1458 1367 537 698 1158 1716 2727 4410 6970 8427 7321 5040 6107 9228 9753 6951 4135 5824 7546 7125 5362 3450 2237 1487 1003 729 489 1374 1442 1479 1482 1309 499 645 900 1423 2127 3583 5629 7917 8488 6299 4766 7620 10016 8503 5428 5218 7191 8079 6797 4563 2983 1849 1230 826 582 1376 1558 1617 1596 1500 574 824 1208 1863 3015 4770 7348 9164 7976 5450 6495 9861 10390 7364 4540 6582 8592 8204 6069 3861 2491 1611 1073 778 564 1599 1648 1675 1679 1535 517 749 1037 1547 2488 4151 6426 9157 9456 7050 5439 8682 11250 9800 6295 
47553 16735 2551 860 390 221 109 92 66 40 1005 1043 989 898 838 490 623 784 1049 1316 1747 2155 2639 3033 3043 639 1287 3264 11732 40013 70508 6609 1702 710 378 220 115 87 76 60 1131 1093 969 926 805 445 590 750 884 1201 1650 2052 2503 2975 3281 593 1026 2258 6360 27090 53369 19885 3198 1129 500 306 164 120 77 53 1178 1116 1081 1025 916 568 665 903 1076 1455 1967 2586 3066 3367 3471 825 1611 3827 13186 45008 76147 6480 1553 598 283 168 101 85 53 43 1166 1148 1075 986 857 460 594 791 1007 1345 1772 2274 2855 3380 3570 530 983 2069 6593 29048 
3158 3694 3687 3356 2760 2147 1512 1194 867 604 1049 1183 1287 1301 1350 165 268 448 722 1357 3058 8293 24442 17848 5681 10685 8724 5148 2844 1737 3461 4020 3753 3271 2466 1902 1405 992 741 533 1128 1268 1326 1396 1374 183 257 417 623 1125 2272 5358 16103 28073 10549 10247 10898 7284 3927 2247 3392 3913 4005 3613 2962 2227 1681 1186 949 729 1099 1156 1309 1367 1458 211 348 519 895 1546 3544 9190 26718 19633 6439 11648 9487 5623 3138 1844 3989 4236 4111 3555 2780 2092 1523 1162 823 661 1207 1471 1451 1530 1565 174 293 374 640 1076 2261 5561 17042 30430 11589 11405 11927 7994 4348 2469 
88 158 226 488 1133 4200 45469 17101 2471 847 5046 4496 3446 2482 1739 2193 2638 2911 3070 2874 2308 1847 1469 1063 825 1225 1459 1692 1764 1805 135 258 424 943 2547 13236 75988 6724 1771 709 5225 4184 3217 2241 1603 2064 2611 3066 3231 3156 2734 2206 1814 1355 1072 1185 1406 1744 1779 1980 135 176 341 638 1560 5385 52599 20542 3250 1107 5649 5015 3951 2692 1925 2475 3024 3349 3539 3214 2661 2212 1621 1272 932 1411 1676 1898 2038 2125 132 182 350 732 2259 12613 79752 6253 1526 575 5534 4662 3397 2337 1567 2279 2838 3383 3468 3379 2875 2498 1919 1506 1184 1312 1507 1741 1984 2145 
1286 1700 2231 2782 3171 3451 3148 2705 2077 1613 1475 1915 2455 2846 3030 486 1025 2490 9539 46663 13217 3149 1236 549 329 2739 2593 2221 1773 1546 1599 2107 2502 3257 3432 3655 3159 2557 2010 1471 1794 2285 2762 3111 3155 483 863 1948 5377 24971 35697 6865 2309 999 530 2899 2903 2538 2147 1729 1429 1839 2368 3006 3459 3707 3402 2853 2169 1727 1597 2000 2612 3023 3248 658 1226 3147 10932 50892 15176 3867 1522 767 405 2976 2644 2382 1990 1553 1817 2241 2976 3550 3832 3835 3505 2731 2217 1656 1934 2454 2935 3349 3591 407 818 1723 5159 26697 38318 7003 2133 876 489 3224 3160 2745 2347 1828 
607 1012 1941 4006 9581 18577 13471 5783 2459 1298 3236 3394 3165 2620 2113 1844 2541 3410 4071 4296 3927 3013 2299 1613 1229 1816 2047 2414 2435 2423 881 1525 2903 6577 15286 19612 9469 3978 2088 1142 3510 3436 3073 2550 1906 1706 2341 3108 4077 4317 4379 3532 2709 1999 1470 1756 2039 2405 2579 2649 757 1208 2193 4563 10363 20711 15305 6417 2952 1561 3463 3623 3514 2991 2284 2102 2897 3843 4626 4796 4159 3300 2515 1933 1326 2006 2267 2628 2739 2733 887 1505 3099 6916 16367 20678 10261 4292 2095 1113 3838 3787 3214 2708 2092 1799 2684 3460 4303 4871 4804 3944 3077 2214 1551 1836 2236 2551 2838 2780 
809 1084 1449 1978 2556 3263 3530 3421 3059 2442 1708 2507 3612 4562 5089 2055 5512 19312 26498 7593 2585 1126 622 339 233 1831 1794 1656 1410 1218 1049 1429 1897 2521 3238 3861 3976 3641 3052 2354 2307 3314 4480 5377 5579 1633 3894 11695 34373 16450 4922 2035 1063 610 350 2099 1934 1913 1730 1464 888 1234 1643 2158 2759 3484 3965 3941 3391 2773 1866 2733 3866 5128 5667 2490 6387 22279 29910 8705 3105 1513 810 452 282 2024 1918 1764 1573 1363 1149 1459 2031 2748 3375 4130 4226 3872 3232 2522 2398 3481 4737 5753 5792 1540 3767 11838 35757 17026 5036 1963 935 513 315 2159 2110 2105 1671 1531 
5993 6436 5544 3925 2588 1719 1181 833 548 388 1002 1162 1091 1143 1076 340 453 686 968 1651 2620 4543 7326 9312 7875 7900 18120 16184 6663 2879 6676 6373 5008 3397 2254 1492 1018 751 513 376 1088 1198 1226 1185 1123 311 438 631 829 1380 2161 3623 6317 9183 9431 5481 13516 21048 11184 4760 6497 7046 6032 4284 2917 1869 1261 878 645 510 1112 1208 1256 1279 1255 406 537 793 1089 1806 2941 4833 8257 10313 8923 9101 20215 17714 7464 3385 7568 7431 5712 3839 2573 1717 1159 802 604 465 1316 1397 1390 1405 1306 349 459 680 1009 1525 2378 4044 6780 10268 11042 6058 15258 23792 12816 5340 
2459 3685 5281 6451 6151 4808 3280 2153 1381 980 1751 1892 1942 2098 1913 816 1272 2084 3431 5939 9241 9898 7056 4122 2482 4178 4812 4675 3899 2842 3120 4593 5908 6553 5655 4048 2733 1869 1196 893 1822 1981 2097 2041 1853 723 1102 1693 2769 4788 7697 10312 8990 5483 3201 3836 4596 5047 4396 3383 2625 4143 5807 7145 6777 5028 3516 2336 1629 1103 1774 2108 2168 2225 2159 898 1425 2290 3859 6522 10147 10899 7821 4602 2651 4625 5373 5158 4347 3222 3310 4987 6669 7256 6215 4392 2949 1997 1307 976 1970 2241 2266 2251 2147 771 1171 1824 2873 5213 8690 11390 9799 6107 3556 4255 5272 5520 4955 3833 
1185 2169 4134 8528 14159 11919 6227 3038 1685 945 2452 2523 2555 2330 1975 1430 2067 2883 3953 4817 5141 4410 3282 2318 1630 2335 2939 3387 3463 3138 1731 3097 6307 12103 15120 9203 4542 2357 1397 812 2644 2690 2498 2198 1892 1204 1786 2503 3747 4477 5277 4912 3985 2927 2037 2207 2753 3259 3531 3475 1327 2464 4672 9698 15864 13276 6933 3483 1901 1130 2698 2854 2800 2570 2142 1566 2283 3221 4361 5286 5582 4863 3703 2572 1782 2583 3300 3696 3855 3502 1826 3499 6986 13205 16576 10125 4982 2552 1422 836 2895 2966 2760 2382 1991 1336 1858 2808 3915 5010 5705 5427 4412 3068 2278 2452 2971 3698 3829 3707 
3644 4843 5446 5144 3938 2833 1977 1336 961 724 1269 1385 1496 1491 1547 413 638 1035 1688 3065 5598 10417 12831 8860 4670 7312 8410 7026 4490 2875 4292 5368 5540 4633 3533 2433 1684 1233 830 586 1396 1408 1607 1564 1496 411 586 797 1354 2358 4285 8010 12850 11947 6673 6157 8358 8047 5845 3674 3972 5195 5858 5511 4297 2974 2163 1578 1014 790 1371 1530 1598 1717 1618 497 763 1132 1878 3255 6100 11312 14008 9612 5128 8024 9219 7413 4868 3010 4769 5793 5786 4994 3845 2566 1852 1244 944 632 1482 1650 1742 1683 1616 389 563 918 1396 2473 4566 8613 13878 12572 7268 6647 8965 8807 6137 3928 
274 508 1282 4286 41288 19944 2926 928 465 217 2629 2406 2220 1838 1514 1341 1770 2238 2807 3125 3030 2847 2390 1942 1432 1652 2187 2686 3060 3405 471 1025 2594 12559 73525 7579 2012 799 370 235 2681 2571 2139 1667 1454 1246 1599 2131 2589 3015 3292 3087 2734 2210 1756 1492 1935 2417 3070 3361 374 690 1593 5375 45803 23367 3758 1286 617 290 2878 2716 2436 2090 1581 1496 2033 2492 3028 3510 3437 3105 2597 2090 1584 1794 2300 2961 3383 3577 416 799 2255 12143 79188 7439 1704 638 329 175 2933 2775 2340 1926 1487 1305 1785 2296 2890 3409 3640 3482 3034 2536 1939 1608 2115 2601 3379 3740 
778 1104 1477 2010 2711 3349 4019 4114 3717 2914 2108 3023 4327 5614 5811 3377 8462 20385 16917 6511 2684 1265 790 478 303 1805 1792 1608 1414 1274 976 1253 1762 2263 3124 3992 4311 4001 3393 2588 2501 3699 5185 5902 5649 2476 5556 14474 23411 11183 4427 1984 1151 695 438 1870 1870 1817 1552 1421 843 1148 1648 2156 2863 3773 4364 4476 3870 3092 2196 3257 4697 6144 6385 3813 9437 22595 18296 7146 3146 1540 880 534 365 1851 1939 1783 1624 1398 1037 1486 2015 2729 3658 4433 4699 4635 3808 3016 2927 4240 5738 6916 6438 2648 6228 16533 26334 12479 4677 2140 1127 676 439 2132 2079 1976 1760 1594 
9989 21072 13911 5174 2285 1139 678 414 276 180 1191 1232 1161 1093 956 531 714 951 1310 1796 2489 3162 3774 3992 3655 2035 4088 8811 15070 11849 17697 22339 9543 3830 1893 1043 633 390 294 210 1357 1307 1265 1151 1043 574 714 876 1197 1636 2332 3148 3877 4382 4284 1757 3271 6669 13430 16391 11444 23975 15559 5880 2680 1414 776 563 314 263 1355 1328 1265 1238 1099 587 800 1083 1476 1959 2701 3711 4225 4377 4096 2416 4635 10000 17022 13274 19118 24079 10050 3973 1937 994 639 429 270 189 1480 1395 1297 1256 1113 582 750 1018 1327 1828 2511 3311 4153 4827 4713 1878 3508 7260 14620 17838 
1274 1785 2771 4239 5720 6393 5434 3842 2571 1655 2132 2574 2836 2821 2565 1501 2591 4342 6821 8808 7499 4854 2773 1745 1106 2516 2656 2723 2533 2066 1625 2411 3796 5432 6675 6593 5024 3350 2212 1453 2550 2877 3038 3048 2631 1332 2188 3463 5989 8781 9246 6556 4226 2361 1553 2445 2888 2900 2772 2411 1460 2096 3228 4857 6568 7371 6218 4536 3088 1840 2399 2981 3255 3207 2979 1883 2831 5018 7928 10213 8623 5549 3474 2022 1296 2819 3162 2998 2759 2292 1809 2766 4229 6125 7625 7376 5534 3733 2439 1565 2935 3271 3344 3378 2831 1419 2341 3985 6640 9855 10368 7444 4584 2735 1703 2754 3080 3181 3013 2767 
2705 3288 3405 3526 2928 2437 1738 1384 1022 749 1097 1218 1382 1534 1533 186 311 487 831 1815 4822 18945 31224 7936 2645 7530 6204 4191 2554 1675 3128 3674 3787 3516 2851 2230 1654 1221 964 710 1270 1452 1553 1666 1691 198 298 496 791 1434 3213 10064 36553 17780 4890 7882 7493 5411 3570 2222 2979 3474 3848 3759 3195 2607 1985 1492 1126 858 1196 1352 1467 1576 1649 227 386 555 1071 2205 5685 20776 33927 9058 3101 8112 6892 4497 2907 1824 3406 3853 4004 3687 3140 2511 1846 1304 1044 774 1326 1504 1758 1783 1777 178 258 376 747 1393 3212 10643 38821 19079 4995 8384 8293 5980 3899 2442 
3010 3124 3041 2529 2123 1712 1264 976 705 572 845 1003 1101 1187 1097 60 121 141 252 453 912 2412 11764 59155 7770 14657 7629 3568 1687 1054 3330 3439 3087 2578 1998 1608 1167 865 706 522 979 1091 1207 1241 1297 59 102 164 278 425 815 1780 5742 39069 24720 17343 12045 5654 2778 1496 3314 3461 3368 2950 2370 1796 1364 1122 781 635 1019 1097 1162 1267 1244 96 145 182 359 603 1193 3210 13983 67384 9496 16471 8503 4079 2088 1164 3554 3688 3403 2751 2161 1712 1298 966 792 578 1079 1184 1338 1448 1375 60 94 131 208 366 669 1529 5610 41694 25555 18728 13055 6124 2962 1616 
369 539 752 990 1342 1809 2503 3350 4010 4358 1126 2354 6238 19349 23970 20302 12740 5067 2334 1272 751 452 301 218 157 1101 1100 1039 974 961 538 649 871 1190 1666 2333 3029 3990 4507 4425 1793 4163 11762 29487 15438 17498 19310 8592 3699 1815 1099 629 424 322 210 1147 1198 1159 1026 1033 429 591 760 1043 1387 2024 2695 3592 4356 4722 1281 2767 6882 20898 26110 21970 13460 5726 2500 1352 823 520 330 250 179 1212 1179 1100 1103 1000 562 721 942 1259 1733 2407 3189 4220 4837 4763 1783 4198 12227 30938 15967 18265 20282 9044 3681 1935 989 564 411 297 189 1204 1239 1274 1152 1082 
8041 10370 8464 4896 2724 1656 1022 691 479 324 1153 1190 1193 1123 1089 473 666 895 1290 1851 2760 3929 5301 5792 5226 3947 8804 16347 13415 6077 10378 10543 7237 4044 2323 1421 940 604 456 314 1277 1319 1237 1252 1057 402 597 780 1109 1596 2399 3561 4994 6199 6072 3016 6344 13669 17922 10082 9137 11998 9399 5629 3281 1901 1166 855 565 385 1318 1338 1350 1372 1236 511 713 967 1411 2062 3122 4747 6027 6681 5894 4541 9933 18702 15158 7105 11143 11667 7777 4324 2526 1487 958 713 456 347 1368 1402 1384 1303 1186 454 535 845 1271 1712 2672 3806 5453 6590 6714 3131 6661 14625 19218 10633 
1556 2228 3287 4747 5912 6086 5003 3501 2307 1557 2050 2482 2821 2777 2658 1368 2217 3957 6735 10155 9825 6330 3626 2100 1263 3003 3235 3089 2750 2243 1885 2777 4176 5584 6475 5761 4330 2970 2040 1393 2294 2768 2871 2835 2557 1160 1874 3065 5420 8936 10936 8485 5063 2924 1710 2802 3286 3128 3053 2755 1663 2432 3808 5383 6715 6976 5613 3959 2714 1823 2322 2760 3083 3089 2858 1561 2581 4416 7819 11165 11138 7158 4081 2302 1465 3296 3527 3458 3030 2428 2060 3101 4684 6201 7161 6351 4759 3309 2166 1476 2660 2888 3232 3155 2771 1251 2012 3362 6103 9982 12156 9374 5513 3149 1881 3156 3476 3591 3441 2959 
250 462 791 1905 6123 31551 23965 4845 1645 776 3617 3612 3001 2354 1820 1876 2468 3059 3344 3330 3079 2575 1880 1444 1141 1579 1920 2136 2414 2440 474 761 1534 3773 14708 49395 11136 3177 1316 671 3871 3478 2762 2270 1677 1732 2258 2829 3549 3679 3536 3103 2340 1859 1428 1423 1837 2124 2366 2550 335 569 1095 2346 7054 36012 27121 5721 2061 914 3926 3837 3415 2766 1991 2051 2697 3316 3791 3747 3352 2867 2161 1632 1249 1665 2035 2400 2692 2572 344 644 1301 3566 14651 51905 11152 2872 1102 570 4027 3675 3098 2363 1757 1821 2354 3074 3512 3736 3642 3071 2463 1999 1450 1541 1853 2251 2555 2730 
3303 4589 5644 5499 4424 3264 2291 1548 1085 743 1429 1504 1608 1704 1605 500 778 1180 2024 3630 6796 11196 11440 7073 3794 6054 7093 6073 4575 2904 4030 5284 5969 5207 3957 2824 1868 1309 864 690 1440 1618 1646 1700 1588 440 751 997 1630 2760 5179 9426 12873 9878 5323 5466 7165 7142 5540 3741 3541 4816 5872 5944 4786 3441 2395 1573 1132 796 1484 1624 1736 1771 1694 599 856 1345 2203 3993 7255 11960 12177 7638 4157 6529 7511 6884 4811 3054 4543 5944 6685 5785 4426 3093 2100 1555 1061 726 1609 1853 1918 1902 1899 496 708 1137 1845 3144 5848 10829 14004 10867 5993 6082 7878 7999 6297 4142 
527 625 870 1133 1533 2132 2917 3549 4053 3894 1537 2965 6056 12204 15153 16311 21078 8557 3423 1592 863 517 297 218 146 1235 1249 1104 1118 986 657 831 1040 1476 2051 2717 3586 4272 4460 4120 2377 4561 9827 16734 13413 11325 24735 15685 5787 2636 1408 767 464 356 250 1293 1378 1315 1264 1171 558 690 946 1297 1759 2400 3172 3830 4414 4275 1856 3229 6710 13628 16878 18535 23288 9636 3783 1885 1055 640 400 283 212 1360 1353 1264 1176 1053 648 804 1142 1545 2147 2880 3783 4709 4573 4215 2401 4861 10222 17480 14300 11949 25762 16429 6127 2602 1293 749 463 359 211 1421 1401 1458 1310 1126 
5447 5315 4193 3131 2112 1414 1031 684 534 385 905 995 1021 1059 1044 233 317 449 741 1131 1842 3371 6251 10638 11545 11671 36872 12413 3416 1375 5745 5193 3837 2655 1818 1175 908 661 466 369 1004 1015 1130 1150 1112 233 322 414 636 1013 1618 2705 4913 8982 12904 6744 26813 28027 6905 2462 6179 5973 4713 3565 2358 1598 1124 831 644 480 1012 1109 1199 1174 1150 279 361 523 812 1332 2151 3865 7203 12101 13127 13934 42603 14450 4144 1743 6034 5406 4042 2763 1872 1354 1007 689 494 414 1099 1213 1210 1144 1166 244 304 433 664 968 1586 2784 5051 9193 13064 6583 27405 28691 6880 2273 
3005 3469 3749 3569 2798 2215 1658 1184 952 669 1051 1213 1306 1428 1492 202 271 518 830 1626 3854 11474 27409 12878 4292 9139 7587 4811 2852 1736 3483 3933 3863 3399 2713 1980 1509 1133 820 646 1153 1314 1419 1570 1485 210 286 478 703 1349 2772 7007 21493 23566 7839 8859 9182 6674 4097 2300 3485 4111 4305 4030 3277 2557 1899 1436 980 769 1218 1395 1537 1586 1615 268 376 633 1097 2043 4684 13481 31520 15184 5060 10269 8832 5587 3192 2018 3788 4204 4135 3472 2909 2284 1602 1208 893 654 1333 1444 1545 1569 1641 163 257 435 694 1266 2755 7263 23090 24871 8079 9443 9729 6946 4319 2478 
1857 2553 3487 4069 4171 3843 3039 2411 1734 1290 1564 1870 2060 2294 2313 561 945 1764 4034 10231 23781 15528 5649 2455 1208 4149 3959 3400 2675 1935 2307 3056 3811 4289 4229 3420 2693 2037 1490 1106 1674 2025 2187 2324 2342 519 796 1449 2822 6462 17525 23160 9494 3806 1842 4090 4194 3671 3098 2242 2033 2686 3538 4198 4391 3855 3246 2471 1758 1274 1633 1869 2181 2387 2428 647 1029 1983 4168 10897 24729 16345 6087 2680 1316 4286 4155 3504 2609 2004 2431 3404 4279 4638 4499 3840 2887 2263 1614 1264 1896 2195 2397 2598 2504 515 820 1422 2857 6963 19211 25495 10367 3937 1847 4460 4491 4135 3345 2463 
183 324 805 2283 18180 38785 3460 996 387 224 2798 2549 2331 1784 1478 1438 1857 2288 2787 2944 2946 2655 2256 1720 1310 1565 1894 2467 2722 2901 338 669 1678 6822 88329 10882 2170 821 391 210 2833 2684 2203 1737 1372 1326 1730 2247 2636 3116 3183 3013 2486 2082 1643 1434 1793 2370 2745 3110 278 463 1068 3251 22545 47095 4684 1346 556 282 3066 2972 2559 2251 1711 1619 2150 2643 3068 3367 3449 3081 2500 1918 1475 1751 2261 2906 3346 3428 278 580 1442 6358 94565 10784 1925 684 296 177 3192 2991 2430 1954 1533 1470 1931 2524 3081 3482 3431 3334 2944 2305 1763 1534 2031 2583 3127 3499 
26524 12729 4529 1848 908 570 357 256 166 111 955 1060 985 900 846 411 539 706 963 1335 1766 2397 3040 3706 3934 584 1252 4678 41865 20545 22041 7849 3065 1503 777 477 326 240 166 122 1039 1012 1007 918 823 375 468 632 842 1181 1554 2148 2760 3525 4015 462 1054 2765 12975 71806 30366 14534 5113 2215 1239 704 374 297 219 134 1134 1087 1154 1083 912 451 641 820 1127 1433 1985 2709 3438 4030 4559 819 1733 5796 48272 23922 23225 8001 3037 1457 800 488 334 232 179 113 1071 1065 1045 1006 912 427 566 685 870 1217 1623 2234 2959 3727 4194 410 846 2415 12971 74272 
1033 1511 2326 3815 6121 8263 7943 5543 3406 2153 2752 3369 3721 3412 2910 2149 3390 5198 6981 7453 5674 3717 2431 1565 1087 2213 2435 2516 2372 2141 1244 1969 3202 5191 7636 8776 7256 4620 2867 1794 3236 3738 3808 3408 2741 1812 2841 4422 6577 7847 6964 4990 3141 2048 1356 2106 2379 2593 2562 2354 1054 1571 2381 4096 6449 8502 8263 5774 3687 2206 2969 3578 3773 3603 3092 2252 3531 5516 7471 7694 6026 3906 2539 1688 1094 2195 2676 2577 2480 2202 1365 2106 3285 5305 7979 9069 7385 4845 2968 1839 3414 3843 4011 3602 2857 1832 2981 4733 6817 8081 7260 5096 3194 2189 1363 2169 2468 2781 2684 2484 
4702 4095 3432 2563 1861 1284 1000 733 578 387 832 899 1037 1053 1023 171 228 342 476 757 1320 2332 5030 11959 18578 29651 29639 3782 1220 543 4665 3970 3197 2264 1640 1141 871 617 485 407 896 1069 1050 1028 1082 180 218 332 476 667 1114 1781 3777 8246 17226 10497 76035 10509 2581 1052 4846 4519 3800 2778 1969 1530 1051 750 589 435 936 971 1067 1074 1108 181 266 382 573 864 1462 2623 5609 12885 19975 33258 32678 4755 1584 716 5056 4359 3373 2501 1801 1222 917 719 512 432 1021 1059 1145 1087 1152 165 216 333 409 670 1069 2011 3839 8824 18754 10420 81132 10094 2228 876 
2411 3066 3466 3570 3267 2685 2069 1564 1208 858 1147 1369 1459 1711 1716 207 298 522 1039 2359 7540 35934 19574 4510 1605 6376 5223 3906 2569 1785 2777 3285 3655 3427 3046 2370 1843 1357 1030 817 1267 1502 1650 1791 1749 211 308 494 913 1728 4559 17433 40885 9577 2907 6304 6133 4561 3248 2105 2637 3153 3602 3693 3333 2858 2193 1701 1237 985 1254 1419 1627 1788 1850 261 404 671 1230 2861 8587 38909 21845 5381 2013 6737 5667 4140 2779 1807 3041 3624 3839 3748 3220 2611 1996 1473 1194 833 1455 1605 1726 1870 1922 171 271 391 762 1658 4548 18319 43941 9745 2877 7149 6621 5061 3510 2310 
247 472 989 2652 13000 54834 7355 1850 800 398 2911 2869 2461 2099 1639 1584 1985 2502 3039 3222 2990 2680 2198 1720 1271 1642 1949 2393 2660 2736 476 898 1972 6359 42242 22640 4200 1537 705 396 3114 2874 2569 1963 1503 1418 1823 2431 2880 3318 3300 3125 2559 2095 1555 1487 1862 2378 2743 2976 333 651 1310 3388 15423 62082 9262 2558 1024 504 3242 3193 2863 2292 1821 1820 2310 2774 3385 3480 3467 2966 2429 1926 1444 1705 2204 2663 2955 3144 400 745 1831 6315 45284 24082 4081 1330 664 325 3554 3119 2647 2094 1659 1568 2130 2711 3305 3670 3753 3404 2963 2254 1735 1615 2149 2573 3029 3200 
4409 5216 5037 4146 2995 2103 1501 1032 763 525 1074 1170 1217 1317 1273 327 460 664 1093 1830 3306 6495 11269 12377 7826 10487 14017 9291 4814 2511 5248 5690 4744 3757 2749 1745 1260 964 644 492 1214 1332 1353 1376 1288 304 409 608 908 1506 2517 4700 9384 13702 11087 8145 13832 13009 7285 3742 4914 5520 5558 4490 3249 2258 1583 1110 783 607 1150 1282 1330 1357 1327 369 510 754 1189 1984 3630 6686 12426 13497 8410 11252 14888 10187 5067 2746 5812 6252 5543 4075 2950 2015 1431 1061 688 559 1406 1486 1485 1523 1441 322 415 658 1001 1656 2904 5408 10154 15109 12316 8903 15248 14429 8050 4096 
6994 7831 6229 4134 2550 1613 1053 751 556 399 1039 1119 1159 1136 1118 362 508 727 1079 1665 2555 4080 6221 7915 7222 5935 15609 20892 9215 3633 7895 7246 5309 3412 2185 1372 988 655 461 394 1101 1224 1157 1204 1132 321 465 614 935 1370 2129 3257 5389 7485 8185 4066 10436 22068 15439 5996 7568 8213 6659 4352 2788 1739 1202 812 573 453 1173 1197 1255 1246 1248 417 568 845 1213 1808 2727 4532 6928 8641 7811 6701 16991 22572 10159 4070 8567 8015 5891 3652 2438 1520 1018 735 493 380 1308 1287 1337 1263 1256 359 487 734 986 1485 2244 3767 5962 8448 8905 4289 10920 24076 16640 6625 
447 621 933 1462 2315 3925 6594 9241 9074 6130 5145 7427 8614 7067 4442 4891 6315 6444 5208 3526 2356 1526 1069 711 520 1383 1539 1483 1512 1368 550 815 1162 1896 3083 5455 8440 10047 8019 4828 6627 8797 8611 6078 3639 4322 5872 7069 6140 4614 3100 1957 1331 938 664 1366 1478 1532 1545 1490 507 713 981 1550 2502 4274 7034 10264 9838 6748 5505 8079 9622 7640 4943 5312 6782 7024 5575 3793 2586 1741 1135 779 595 1484 1661 1678 1577 1478 581 790 1218 1970 3435 5570 9064 10946 8564 5206 6919 9644 8999 6249 3827 4545 6348 7183 6643 4853 3188 2158 1464 1000 704 1459 1519 1636 1668 1565 
11243 12363 7658 3974 2178 1258 774 540 328 260 1099 1098 1106 1027 1022 439 620 751 1092 1569 2267 3311 4242 5077 4969 2564 6385 18712 22559 7867 13639 10672 5787 3171 1714 1070 663 435 288 235 1159 1196 1162 1025 1029 372 480 764 1024 1398 1983 2825 3888 5104 5448 1971 4223 11881 27578 14928 12300 13334 8339 4279 2325 1372 895 613 407 282 1193 1162 1208 1142 1090 474 598 827 1156 1763 2455 3612 4666 5570 5451 2822 7093 20496 24523 8582 14639 11450 6195 3211 1814 1035 701 469 357 244 1219 1251 1238 1191 1070 426 541 758 1065 1473 2057 3035 4191 5463 5926 1970 4334 12605 28956 15469 
3161 3687 3750 3387 2685 2099 1515 1169 783 648 1033 1062 1281 1341 1313 166 229 330 671 1222 2678 7479 25656 21488 6010 11675 9040 5076 2739 1621 3596 3967 3668 3048 2434 1821 1386 973 793 610 1204 1256 1344 1393 1375 147 236 371 595 1010 1994 4699 14999 33515 12164 11683 11375 7123 3913 2255 3361 3813 3878 3597 2898 2085 1630 1180 895 683 1100 1211 1372 1392 1461 220 305 431 717 1472 3068 8191 27374 23104 6876 12391 9310 5247 2846 1713 3906 4245 3950 3348 2698 1966 1524 1099 815 624 1294 1349 1454 1529 1455 158 228 313 542 950 1937 4737 15631 35247 12495 12227 12031 7543 4061 2370 
357 484 622 811 1100 1504 1958 2676 3340 4024 261 615 1678 10508 76006 18479 6735 2701 1371 703 427 305 196 155 91 1047 1002 969 913 838 425 521 659 929 1300 1789 2399 3104 3800 4126 510 1309 4432 57233 15972 25544 11624 4312 2005 1035 667 437 275 207 147 1045 1020 986 920 918 376 534 614 845 1119 1577 2168 2819 3628 4305 371 814 2233 12481 82634 20057 7483 3023 1501 821 528 336 218 167 134 1074 970 1011 913 889 465 622 837 1028 1428 2036 2641 3580 4324 4628 393 1023 4103 62220 15880 28091 12778 4661 2138 1092 653 408 267 195 128 1139 1158 1119 1061 1021 
520 681 984 1334 1876 2704 3790 4602 4903 4441 2314 4136 7602 11301 9881 9870 15244 11254 5453 2654 1412 897 565 402 238 1427 1428 1339 1298 1104 626 893 1119 1660 2305 3152 4182 5007 4950 4017 3319 5946 10071 11662 8187 6964 13386 14655 8315 3987 2055 1219 746 516 356 1320 1403 1352 1270 1254 614 777 1047 1532 2173 3028 4141 5174 5436 5032 2637 4640 8506 12647 11247 11061 17154 12436 6119 3067 1716 1019 644 459 336 1447 1515 1463 1434 1260 642 887 1209 1776 2594 3546 4732 5477 5530 4545 3536 6707 11175 12966 8994 7681 14882 15927 9061 4288 2255 1305 786 512 346 1505 1445 1655 1463 1306 
215 352 837 2496 13824 57363 5430 1347 547 293 2924 2780 2365 2023 1555 1519 1960 2450 2771 3023 2975 2694 2120 1685 1282 1499 2048 2386 2717 2854 357 681 1740 6265 58993 17489 3159 1100 543 303 3154 2870 2386 1880 1448 1418 1883 2300 2880 3261 3355 3114 2625 2051 1616 1500 1862 2345 2753 3067 305 547 1110 3216 16964 65928 6811 1785 819 405 3321 3144 2703 2359 1706 1727 2218 2811 3271 3517 3342 2986 2408 1865 1486 1793 2155 2664 3129 3268 339 588 1467 5924 60954 17267 2874 967 434 269 3341 2986 2552 2000 1563 1486 1924 2498 3060 3528 3655 3236 2809 2297 1705 1654 2087 2577 2927 3342 
10573 18378 12915 5553 2584 1345 834 562 338 223 1238 1293 1266 1187 1059 536 737 992 1373 1939 2652 3594 4296 4619 4158 2459 5050 11169 16626 11162 15397 17628 8552 3857 1982 1110 699 466 276 240 1269 1240 1263 1227 1012 508 608 920 1184 1661 2329 3124 3966 4651 4515 1896 3652 7656 14887 14940 10931 19346 13438 5931 2809 1545 935 550 413 287 1299 1340 1308 1227 1129 609 768 1049 1387 2015 2774 3752 4526 4812 4346 2662 5418 11481 17644 11633 17042 19510 9380 4286 2066 1206 740 457 339 213 1368 1460 1399 1277 1129 509 715 980 1318 1875 2463 3378 4486 5145 4927 2131 3979 8326 16662 16641 
1395 2205 3577 5624 7617 7515 5510 3474 2140 1357 2101 2444 2599 2510 2266 1339 2137 3340 5299 7164 7013 5279 3543 2178 1439 2614 3070 3049 2872 2524 2020 3082 4984 7562 8601 7356 4773 2892 1864 1281 2539 2850 2793 2679 2269 1261 1933 2925 4712 6952 7903 7081 4776 3042 1976 2582 3098 3393 3278 2897 1528 2477 3979 6190 8391 8239 6033 3836 2263 1491 2317 2660 2892 2763 2554 1468 2394 3734 5648 7656 7743 5891 3917 2616 1600 2938 3305 3481 3344 2736 2021 3220 5293 7712 9223 7735 5095 3155 1964 1274 2674 2969 2992 2834 2454 1252 2021 3197 4954 7145 8522 7314 5114 3246 2041 2710 3265 3637 3408 3087 
2772 3750 4535 4697 4317 3327 2450 1664 1157 902 1286 1543 1709 1758 1728 475 735 1216 2247 4374 9121 15169 12011 5783 2881 5531 5861 4926 3519 2411 3333 4295 4769 4695 3806 2755 2050 1456 1029 741 1413 1635 1635 1722 1735 430 632 1078 1728 3110 6378 12904 15400 8776 4247 5194 6067 5715 4174 2972 3028 4063 4912 5187 4674 3656 2581 1839 1272 963 1465 1686 1824 1851 1824 552 820 1372 2444 4784 9931 16484 12981 6317 3163 6227 6353 5230 3847 2635 3549 4660 5278 5136 4257 3093 2217 1613 1109 865 1632 1814 1913 1897 1904 434 665 1062 1771 3379 6864 13998 16847 9406 4479 5874 6502 6140 4780 3334 
619 767 1028 1236 1867 2371 2874 3482 3557 3202 1507 2533 4451 7559 10743 8266 38555 17385 4084 1501 733 407 252 157 108 1467 1297 1225 1166 1022 699 948 1217 1634 2179 2863 3397 3662 3590 3112 1985 3553 6288 9977 11064 4978 19940 39787 8879 2798 1253 675 388 254 167 1426 1466 1432 1254 1087 625 880 1132 1460 1957 2540 3115 3567 3819 3543 1625 2825 4764 8105 11370 9416 42091 19832 4892 1890 959 536 315 219 136 1450 1499 1335 1300 1055 763 981 1287 1775 2218 3025 3557 3760 3684 3171 2058 3641 6249 10092 11291 4698 20245 40607 8490 2636 1151 542 331 230 148 1597 1487 1372 1298 1223 
28 35 54 98 151 244 572 1160 3845 32958 68490 9505 2046 788 387 3205 2972 2338 1838 1475 1156 852 683 531 401 831 870 1032 1011 952 50 84 100 146 245 444 937 2431 10640 80359 31571 4584 1543 663 376 3242 3141 2644 2247 1706 1377 975 771 590 491 760 821 993 1069 1006 49 75 78 117 225 380 707 1506 4940 37439 76011 11302 2660 1016 527 3472 3041 2599 2080 1595 1227 940 705 535 460 892 930 1037 1057 1118 44 50 94 128 205 392 812 2192 10548 88168 33599 4461 1369 587 335 3696 3531 2992 2475 1908 1459 1156 833 670 530 912 979 1003 1137 1203 
1309 1902 2591 3396 4145 4402 3764 3037 2310 1755 1839 2277 2648 3000 2994 1065 2010 4350 10371 19960 13558 5567 2515 1343 724 2827 2861 2595 2116 1724 1668 2350 3147 4083 4500 4259 3784 2781 2054 1530 2109 2560 2943 3218 3082 894 1558 3122 6915 16646 19559 9182 3847 1926 1051 2804 2979 2774 2513 1975 1457 2030 2805 3628 4286 4733 4325 3405 2547 1886 1855 2394 2982 3238 3306 1216 2284 4855 11320 22167 14888 6060 2832 1421 821 3105 3063 2784 2342 1814 1830 2535 3397 4218 4790 4731 4044 3117 2378 1641 2335 2748 3311 3553 3358 949 1633 3167 7317 18088 21323 9641 4074 1916 1129 3164 3258 3079 2698 2198 
319 467 712 1178 2177 4474 9960 17323 12143 5416 6074 7072 6250 4373 2872 3433 4210 4560 3950 3217 2371 1697 1252 881 632 1246 1430 1524 1509 1471 414 608 998 1726 3371 7211 15251 17305 8724 3910 7509 7507 5628 3833 2413 3241 4096 4686 4678 3973 2942 2064 1507 1117 853 1248 1490 1629 1671 1636 358 516 801 1342 2469 4835 11167 18953 13367 5904 6788 7889 6766 4842 3212 3751 4573 4975 4417 3450 2540 1825 1286 979 694 1374 1612 1652 1774 1683 418 623 1055 1870 3524 7567 16567 18374 9364 4185 8013 8171 6289 4077 2616 3468 4548 5217 5067 4159 3302 2414 1623 1194 843 1488 1627 1823 1780 1833 
692 780 1054 1528 1873 2356 2785 3101 3052 2726 1370 2161 3476 5843 8086 2587 22666 31988 3031 879 380 222 104 72 37 1436 1375 1337 1078 985 731 1080 1359 1659 2241 2676 3072 3143 3147 2674 1854 2853 4805 7398 9257 1668 7495 102758 9136 1904 757 330 210 120 60 1548 1535 1441 1264 1175 707 951 1177 1559 2045 2533 3042 3365 3318 2989 1532 2314 3788 6265 8989 3223 26040 36299 3957 1177 517 238 152 83 69 1556 1438 1399 1267 1137 833 1067 1381 1781 2368 3027 3215 3445 3235 2784 1888 3096 5027 7952 9865 1437 6577 106178 8453 1566 556 250 141 102 64 1618 1633 1464 1313 1248 
4037 4498 4362 3440 2677 1987 1388 1035 776 531 1046 1094 1200 1278 1270 219 300 421 802 1289 2517 5685 13291 19795 10519 15038 14450 7222 3355 1724 4396 4530 3998 3177 2148 1628 1149 847 652 499 1111 1230 1269 1225 1220 228 329 460 647 1013 1894 3711 8643 18515 15936 11706 16684 10481 5041 2602 4255 4750 4501 3543 2744 2028 1423 1060 762 599 1090 1262 1258 1265 1290 279 390 590 830 1444 2798 5934 13940 20689 11204 15993 15057 7675 3589 1943 4893 4951 4208 3244 2474 1759 1295 862 630 527 1192 1239 1315 1353 1352 193 275 475 620 993 1965 4097 9387 19630 17117 12636 17928 11603 5324 2647 
288 391 682 1241 2523 6478 19066 22849 7933 3021 5536 5770 4755 3376 2292 2728 3442 3882 3767 3279 2574 1945 1433 1068 825 1356 1585 1688 1769 1755 411 617 1010 1974 4305 12466 28972 15273 5267 2169 6045 5658 4390 3164 2097 2600 3303 3880 4269 3852 3151 2433 1789 1312 978 1324 1607 1721 1988 1859 312 512 844 1388 2868 7304 21431 25414 8984 3528 6120 6221 5230 3678 2575 3030 3909 4166 4093 3527 3014 2114 1659 1147 912 1449 1653 1896 2027 2004 383 584 977 1952 4522 12707 30360 15851 5281 2241 6486 6124 4757 3178 2139 2756 3546 4223 4466 4137 3395 2612 2000 1499 1050 1538 1674 1807 1963 2089 
2754 3711 4877 5132 4463 3458 2371 1698 1152 833 1357 1573 1611 1749 1711 534 825 1296 2368 4389 8551 13124 10327 5650 2970 5272 5834 5008 3781 2546 3531 4711 5371 5174 4038 3026 2177 1472 1060 790 1589 1683 1838 1760 1658 504 732 1104 1876 3455 6556 11892 13403 8497 4347 4993 5948 5851 4560 3402 2932 4071 5301 5537 4799 3658 2590 1756 1256 911 1415 1685 1772 1856 1758 633 885 1436 2570 4774 9001 13976 11393 6116 3259 5743 6184 5462 4060 2641 3649 5002 5798 5571 4366 3332 2297 1564 1088 824 1765 1806 1911 1917 1840 495 766 1182 2060 3548 7012 12868 14492 8819 4482 5455 6519 6553 5145 3520 
2466 3836 5329 6470 6231 4681 3230 2014 1312 955 1664 1832 1941 2052 1904 834 1279 1917 3267 5714 8844 9798 7060 4179 2484 4309 4921 4743 4027 2974 3159 4593 6004 6565 5330 3913 2643 1692 1195 848 1755 1948 1988 2039 1873 676 1008 1530 2597 4411 7538 9929 8853 5714 3306 3758 4637 4965 4417 3484 2628 4046 5570 7045 6635 4978 3405 2299 1465 1049 1781 1984 2068 2187 1982 839 1346 2196 3572 6190 9375 10477 7816 4559 2626 4431 5237 5055 4296 3186 3340 5051 6648 7178 5971 4263 2803 1846 1296 936 1876 2102 2159 2145 1972 702 1047 1699 2796 4673 8016 10838 9499 6105 3629 4108 5184 5432 4926 3803 
3125 4619 5884 5919 4907 3488 2289 1568 1067 772 1312 1561 1699 1728 1596 580 899 1337 2331 3964 7155 10526 10013 6300 3378 5580 6592 5984 4508 2995 4035 5480 6098 5694 4267 3081 1995 1381 980 660 1480 1646 1662 1744 1683 549 774 1152 1831 3192 5710 9473 11545 8635 4945 4986 6436 6710 5449 3915 3486 4878 6028 6230 5242 3672 2575 1704 1190 834 1488 1658 1736 1829 1772 629 910 1493 2495 4209 7663 11294 10638 6697 3709 5943 7091 6330 4696 3251 4406 5843 6741 6265 4734 3264 2199 1473 1067 737 1766 1850 1925 1887 1733 545 807 1245 1960 3409 6244 10418 12595 9278 5348 5469 7102 7426 6030 4117 
5378 7763 8308 6302 3976 2438 1513 996 673 481 1272 1346 1333 1329 1283 538 658 1040 1620 2376 3790 5599 6993 6705 4906 5152 8746 10893 8139 4735 6940 8688 7910 5238 3320 2088 1314 822 637 437 1343 1388 1446 1380 1324 483 637 920 1306 2018 3164 4834 6941 7539 6231 4105 7463 11039 10446 6666 5902 8393 9235 7001 4492 2654 1671 1133 787 531 1386 1404 1572 1537 1357 544 814 1167 1764 2775 4297 6198 7811 7417 5599 5956 9828 11865 8993 5208 7811 9798 8894 5935 3773 2248 1487 951 682 519 1584 1560 1601 1508 1410 512 692 1040 1479 2297 3520 5561 7582 8342 6803 4532 8114 12229 11580 7394 
3852 4748 4965 4376 3311 2463 1628 1243 874 686 1187 1236 1398 1487 1425 346 482 767 1157 2178 4249 8749 14618 12201 6135 9157 10382 7274 4295 2465 4498 5231 4924 3986 2906 2078 1447 1107 809 564 1307 1363 1471 1476 1384 319 469 665 1070 1770 3174 6432 12794 15450 9156 7865 10654 9351 5854 3356 4063 4988 5237 4775 3537 2588 1812 1288 902 659 1159 1417 1487 1484 1470 394 570 857 1354 2453 4790 9488 15793 13092 6661 9906 10913 7948 4628 2546 4927 5655 5273 4399 3220 2285 1562 1161 856 634 1404 1514 1571 1605 1578 337 456 667 1095 1839 3345 7084 13909 16830 10097 8551 11696 10471 6278 3588 
111 149 197 331 573 1062 2264 6897 27531 25126 17028 15474 7122 3186 1671 3757 3729 3392 2665 2162 1519 1120 890 660 503 1051 1156 1230 1221 1300 154 219 292 540 915 1716 4141 13897 38778 12639 18786 10691 4855 2404 1348 3614 3671 3533 2871 2381 1791 1364 994 752 556 978 1059 1146 1243 1276 128 198 263 441 682 1275 2611 7660 29074 26674 17933 16015 7325 3336 1779 3898 3868 3574 2831 2191 1642 1203 879 707 523 1044 1144 1275 1249 1303 120 202 271 461 813 1661 4109 14533 41351 13551 19822 11399 5066 2526 1352 3866 4007 3768 3301 2578 1955 1433 1148 875 648 1072 1242 1252 1371 1393 
2710 4897 9169 11888 9003 4688 2617 1427 911 583 1700 1745 1702 1652 1523 869 1221 1800 2524 3616 4747 5352 4783 3732 2521 3142 4333 5284 5190 4284 3831 7109 11799 11926 7132 3691 2123 1254 803 572 1798 1901 1839 1665 1544 766 1127 1581 2314 3173 4434 5467 5388 4511 3205 2706 3811 5013 5657 5097 3007 5548 10049 13293 9782 5457 2899 1705 1057 624 1851 1926 1975 1802 1623 914 1277 1951 2796 3979 5217 5781 5168 4085 2941 3327 4831 5817 5761 4842 4189 8053 13120 12916 7878 4098 2263 1326 837 597 2112 2096 2073 1890 1760 875 1209 1782 2447 3549 4977 6028 6138 4972 3691 3016 4330 5550 6310 5647 
480 715 1040 1899 3389 6547 11360 12208 7496 3979 4742 5682 5591 4504 3185 3356 4479 5291 5175 4231 2923 2142 1481 1081 729 1501 1697 1820 1836 1688 588 975 1511 2614 5004 9146 13348 10802 5750 3074 5490 6007 5332 4001 2759 2918 4128 5091 5509 4894 3837 2718 1844 1233 919 1507 1678 1744 1843 1808 571 795 1291 2076 3691 7118 12437 13512 8284 4396 5052 6208 6052 4838 3502 3594 4862 5761 5625 4569 3373 2345 1634 1083 796 1666 1892 1936 1938 1862 652 1002 1531 2828 5182 10125 14542 11375 6126 3136 5932 6586 5842 4443 2930 3162 4441 5578 6056 5322 3981 2881 1960 1477 930 1695 1790 1897 2034 1996 
3159 4042 4994 5232 4226 3166 2142 1471 1015 774 1286 1417 1561 1559 1547 478 716 1154 1901 3485 6852 11294 11298 6728 3501 5842 6638 5616 3960 2686 3731 5031 5509 4972 3838 2720 1861 1255 926 690 1463 1532 1616 1649 1577 434 666 947 1579 2771 5285 9656 12860 9669 5210 5296 6855 6720 5148 3483 3451 4595 5713 5682 4856 3562 2515 1654 1098 901 1417 1645 1755 1853 1779 563 845 1279 2202 4080 7969 12956 12904 7487 3991 6586 7552 6370 4623 2927 4313 5698 6038 5554 4331 3064 2090 1449 1123 766 1603 1768 1864 1844 1807 471 713 1101 1774 3150 5768 10906 14743 10762 5868 5990 7660 7388 5788 3939 
801 1181 1885 2889 4688 7112 8583 6982 4545 2806 3165 3980 4416 4293 3428 2833 4419 6302 7367 6471 4472 2888 1877 1227 836 1877 2059 2038 2014 1797 997 1591 2490 3990 6331 8390 8460 6075 3711 2296 3791 4517 4689 4124 3128 2420 3679 5734 7631 7399 5707 3900 2512 1553 1052 1883 2248 2207 2229 2131 853 1362 2007 3102 5246 7899 9416 7660 5011 3014 3534 4484 4876 4583 3843 3028 4932 7025 8272 7099 4994 3160 2095 1309 919 2179 2209 2352 2231 1994 1011 1625 2510 4059 6540 8800 8791 6464 3972 2408 4021 4769 4911 4362 3418 2455 3934 5824 7850 8032 6198 4023 2552 1609 1018 1903 2192 2365 2394 2140 
