579 808 1146 1470 2097 2951 3744 4433 4505 3878 2293 3859 6047 8564 8585 7693 15361 14995 7106 3271 1677 940 619 357 267 1368 1450 1407 1297 1092 775 978 1343 1893 2625 3636 4407 4930 4523 3703 3160 5215 8125 9637 7765 5347 12200 17792 11250 5105 2516 1405 872 559 418 1452 1503 1489 1369 1258 630 892 1288 1629 2212 3060 4108 4876 4763 4108 2401 3982 6632 9223 9054 7958 16555 15959 7835 3508 1908 1157 729 451 326 1483 1532 1511 1410 1204 771 1082 1491 2015 2759 3706 4816 5142 4725 3908 3246 5570 8779 10346 8417 5725 12799 19360 12028 5660 2634 1384 844 521 350 1679 1651 1614 1541 1405 
180 271 417 642 1056 1797 3684 8424 17090 14658 10684 16204 10629 5048 2500 4224 4472 3858 3038 2211 1657 1162 852 604 482 1065 1134 1231 1254 1234 275 348 570 861 1453 2714 5940 13224 18759 10442 14869 14738 7645 3626 1750 4218 4703 4331 3518 2743 1935 1407 1030 762 531 1018 1103 1217 1328 1254 247 340 457 722 1233 2132 4206 9352 18882 16301 12130 17545 11765 5634 2748 4790 4886 4160 3316 2489 1775 1217 941 710 549 1126 1281 1284 1330 1389 274 392 560 900 1520 2901 6406 14741 20927 11386 16567 16492 8399 3949 2083 4595 5093 4883 4025 2945 2137 1562 1152 895 616 1148 1259 1364 1369 1425 
4102 4452 4180 3473 2563 1866 1381 972 722 529 1018 1070 1191 1301 1283 206 320 478 735 1227 2437 5284 12984 19695 10939 15730 14847 7170 3275 1744 4330 4394 3905 3010 2209 1620 1162 872 656 497 1135 1179 1194 1189 1196 210 276 438 619 1002 1905 3781 8367 17762 16504 11884 17338 10779 4922 2488 4342 4664 4446 3512 2724 1943 1386 1029 781 575 1056 1126 1256 1266 1249 234 348 567 794 1367 2645 5758 13282 20489 11605 16478 15497 7599 3566 1865 4805 4910 4266 3273 2444 1758 1252 927 713 518 1209 1362 1378 1415 1392 204 267 396 660 1043 1926 3989 9453 19690 17794 13129 19455 11741 5404 2592 
274 584 2178 22722 25710 2334 647 302 150 98 2168 2071 1840 1598 1322 1111 1429 1868 2373 2782 3053 3046 2769 2304 1921 1707 2453 3129 4152 4473 497 1434 6571 128550 6800 1509 521 234 120 86 2249 2010 1771 1479 1253 1077 1320 1663 2208 2597 3010 3307 3068 2635 2101 1544 2143 2840 3840 4511 345 778 2715 26007 29991 2832 890 391 189 88 2238 2264 1979 1776 1430 1161 1622 2009 2543 2932 3370 3296 2962 2521 2048 1911 2631 3588 4413 4879 419 1189 5772 136427 6459 1236 444 215 123 75 2290 2132 1918 1615 1302 1070 1343 1836 2286 2802 3205 3540 3321 2851 2274 1736 2305 3198 4067 4907 
531 664 1047 1673 2676 4632 7299 9354 7882 5120 4532 6410 7341 6157 4371 4305 5930 6759 5768 4163 2606 1754 1175 852 585 1383 1573 1603 1622 1472 619 867 1390 2201 3665 6001 9019 9393 6762 3976 5716 7397 7246 5319 3505 3678 5344 6834 6662 4996 3271 2365 1505 1009 751 1424 1626 1665 1709 1545 524 791 1132 1741 2902 4954 8066 9937 8395 5571 4792 6964 7799 6666 4558 4774 6530 7145 6069 4394 2955 1919 1223 890 639 1562 1684 1623 1714 1551 687 1005 1487 2442 3958 6708 9787 10240 7443 4537 6177 8148 8009 6187 3816 4105 6133 7764 7502 5624 3886 2547 1659 1099 795 1490 1708 1892 1811 1804 
379 505 627 894 1326 1972 2924 4220 5796 6452 2470 5996 17562 23351 8534 9777 8307 5186 3062 1821 1082 752 516 344 258 1113 1101 1109 1044 1016 438 548 851 1134 1640 2450 3637 5310 6442 6194 3968 11129 26821 15537 5368 9271 9958 7126 4074 2456 1476 912 641 480 337 1082 1110 1136 1114 1045 392 546 783 966 1522 2267 3220 4815 6541 7230 2856 7048 20338 26940 9728 11190 9369 5992 3460 2137 1222 886 601 431 299 1161 1274 1206 1244 1154 423 609 817 1226 1697 2737 4093 5740 7059 6809 4144 11510 28876 17052 5511 10183 10841 7553 4459 2612 1567 1068 700 476 380 1185 1260 1294 1312 1154 
889 1282 1857 2648 3669 4710 5116 4676 3599 2556 2364 3269 3935 4379 4054 2539 4735 9079 13107 9833 5125 2670 1499 940 607 1997 2019 2011 1840 1518 1131 1657 2265 3343 4465 5317 5243 4283 3158 2178 2837 3843 4431 4350 3837 2009 3635 7037 12174 12652 7723 3975 2193 1314 839 2004 2198 2133 1872 1775 965 1424 2071 2887 4091 5172 5653 5116 3880 2781 2594 3379 4322 4741 4457 2722 5445 9951 14478 10921 5882 3067 1746 1060 725 2144 2315 2214 1979 1836 1259 1838 2609 3885 5039 6139 5825 4923 3572 2532 3192 4172 4925 4978 4407 2203 4141 7710 13823 14207 8669 4502 2353 1391 864 2347 2384 2441 2375 2017 
661 875 1148 1517 2081 2652 3319 3736 3818 3200 1774 2887 4596 7152 8652 5956 21384 26309 7557 2761 1115 635 368 232 156 1585 1484 1365 1217 1127 764 1016 1354 1896 2478 3008 3670 3936 3548 3024 2308 3762 6062 8249 8351 3804 11743 33286 15094 4723 2015 1013 610 424 243 1516 1563 1471 1321 1188 729 924 1203 1628 2280 2931 3690 4008 3985 3456 1915 3171 5022 7678 9349 6918 23271 28878 8694 3085 1448 778 458 308 199 1682 1595 1483 1354 1218 851 1079 1448 2064 2565 3385 3874 4180 3807 3162 2449 3939 6282 8930 9022 3839 12114 34966 15863 4866 1842 927 541 352 240 1645 1631 1519 1443 1244 
1297 2065 3284 5039 7487 8135 6560 4239 2512 1569 2411 2937 3030 2880 2635 1649 2690 4115 6219 7499 6943 4899 3203 2030 1321 2626 2960 3003 2813 2446 1651 2664 4195 6566 8524 7941 5433 3466 2185 1337 2753 3042 3076 2838 2434 1393 2095 3384 5215 7301 7651 6184 4178 2669 1736 2524 2786 3059 2983 2659 1365 2052 3413 5430 7672 8598 6910 4446 2683 1751 2557 2981 3187 3151 2647 1739 2609 4319 6377 7827 7146 5120 3269 2091 1380 2672 2995 2990 2769 2517 1754 2905 4654 7355 9483 8680 6062 3772 2337 1498 2993 3447 3468 3266 2751 1518 2409 3750 5730 8010 8527 6890 4621 2883 1898 2615 3159 3363 3359 2956 
4078 5681 6662 5781 4268 2766 1802 1224 804 570 1265 1377 1434 1449 1388 508 749 1078 1736 2803 4601 7222 8585 6997 4362 5672 7810 7887 5745 3588 5292 6973 6951 5421 3634 2348 1612 1041 732 543 1380 1537 1513 1445 1420 461 650 943 1506 2323 3937 6361 8736 8616 6048 4758 7452 9142 7381 4984 4391 6231 7257 6335 4558 3010 2012 1309 910 600 1395 1483 1612 1445 1434 590 845 1234 1812 3028 5052 7730 9199 7683 4856 6156 8797 8572 6422 3935 5564 7398 7425 6072 3911 2578 1711 1116 766 575 1489 1567 1606 1628 1457 498 687 1045 1605 2593 4165 6739 9405 9129 6363 5216 7917 9664 8043 5252 
856 1119 1436 1907 2306 2837 3071 3176 2873 2264 1532 2280 3173 4302 5271 1060 3377 27216 29879 3607 1131 447 239 140 103 1769 1716 1530 1354 1145 980 1228 1740 2119 2689 3079 3259 3140 2737 2181 1976 2751 3904 5160 5718 935 2236 9336 82454 9968 2389 896 462 226 142 1976 1910 1711 1476 1367 936 1231 1600 2166 2698 3146 3511 3422 3243 2609 1740 2424 3538 4903 6015 1389 4502 32100 34761 4582 1414 645 324 201 123 2078 1933 1833 1556 1317 1086 1482 1953 2405 3004 3508 3583 3418 2854 2392 2141 3015 4275 5637 6215 755 1978 9175 88067 9855 2071 751 357 211 113 2103 2051 1949 1644 1446 
163 228 300 472 681 1289 2301 4879 11036 17905 12443 29759 11781 3812 1631 4240 4071 3359 2330 1753 1257 918 694 554 387 970 1005 1074 1079 1012 219 291 393 604 1033 1754 3414 7729 16562 16017 23653 22879 6918 2686 1246 4462 4362 3912 3031 2109 1603 1057 806 600 487 935 956 1008 1077 1116 206 255 363 564 844 1400 2565 5387 12276 19939 13828 32736 13511 4462 1910 4765 4291 3569 2605 1951 1368 1024 735 563 419 1011 1091 1178 1175 1151 218 291 428 688 1079 1929 3916 8774 18632 18339 26425 25776 7733 2823 1292 4994 5134 4386 3439 2485 1864 1272 967 695 519 1076 1139 1262 1252 1198 
2990 2827 2505 1983 1588 1211 966 735 558 422 733 835 940 959 1008 18 37 45 42 84 153 315 884 4314 113487 14914 1992 616 304 140 3125 2749 2337 1945 1437 1074 855 636 534 454 832 842 939 1046 1071 19 38 41 55 85 160 253 666 2161 16968 91759 5327 1311 498 270 3307 2979 2562 2076 1632 1255 942 801 592 491 752 883 929 1044 1050 18 31 46 68 132 219 402 1150 4987 120675 16928 2485 772 365 185 3361 3106 2657 2082 1524 1193 961 742 565 481 905 985 1037 1132 1060 21 24 33 49 67 134 279 531 1888 17003 101362 4747 1078 462 220 
1140 1473 1894 2297 2817 3155 3104 2844 2242 1794 1488 1992 2541 3262 3625 448 1002 3101 22496 35813 3861 1135 512 271 139 2398 2245 1931 1622 1291 1380 1676 2282 2716 3178 3215 3148 2706 2087 1621 1762 2402 3030 3530 3756 415 854 2111 8255 78824 11525 2543 1042 446 254 2612 2370 2151 1743 1539 1179 1570 2084 2535 3071 3346 3383 2988 2482 1971 1665 2138 2779 3402 3725 535 1279 4020 25653 40304 4871 1595 647 351 200 2477 2321 2075 1750 1394 1535 1968 2404 3049 3477 3687 3420 2859 2346 1794 1940 2677 3357 4083 4321 323 667 1864 8055 85644 11576 2250 816 390 198 2747 2675 2409 2084 1705 
210 297 554 1227 3366 17763 44767 6560 1874 794 4014 3818 3337 2397 1864 2081 2528 3062 3317 3217 2807 2257 1867 1405 1035 1402 1781 1977 2170 2219 320 496 984 2263 7954 50557 18069 3948 1425 642 4214 3728 2977 2227 1633 1850 2301 2912 3293 3469 3198 2694 2171 1611 1226 1327 1639 1925 2261 2351 278 437 725 1535 4317 20064 49335 7878 2355 1013 4443 4033 3319 2708 1934 2250 2739 3153 3694 3456 3134 2457 1914 1396 1126 1507 1845 2107 2350 2419 259 457 903 2209 8114 55676 19021 3776 1319 593 4666 4264 3426 2420 1800 2058 2642 3325 3781 3977 3598 3012 2313 1750 1404 1513 1882 2109 2432 2625 
1482 2945 5913 12614 14959 8947 4203 2139 1141 748 2051 2237 2175 1994 1743 1134 1680 2383 3323 4274 4736 4552 3700 2697 1920 2389 3166 3837 4095 3685 2199 4287 8823 15626 12814 6263 3094 1584 943 663 2299 2277 2140 1913 1613 1017 1449 1989 2802 3852 4712 5016 4385 3243 2413 2227 3006 3735 4023 4144 1691 3157 6548 13397 16593 9849 4608 2324 1361 845 2290 2460 2294 2163 1873 1264 1826 2529 3425 4518 5161 4969 4140 2925 2087 2782 3565 4200 4350 3982 2412 4609 9806 17055 14038 7050 3357 1771 1046 644 2531 2515 2350 2070 1790 1164 1605 2218 3271 4317 5163 5390 4678 3630 2570 2424 3186 3974 4530 4474 
1720 2548 3538 4623 5059 4803 3722 2552 1902 1344 1717 1986 2243 2424 2386 861 1563 2703 5246 9789 13043 8943 4771 2497 1382 3415 3591 3321 2804 2140 2136 3121 4444 5305 5372 4658 3372 2320 1638 1123 1937 2267 2477 2472 2417 805 1320 2195 4223 7947 13375 12549 7073 3604 2070 3476 3657 3774 3220 2725 1921 2839 3942 5152 5723 5381 4124 2982 2027 1451 1953 2297 2478 2609 2458 1056 1719 3053 5974 11318 14665 10304 5390 2800 1605 3756 3973 3803 3115 2506 2478 3530 4793 5853 5924 5146 3883 2680 1829 1289 2251 2644 2758 2811 2723 863 1351 2333 4434 8806 14787 13859 7795 4020 2210 3974 4234 4093 3574 2945 
7738 8262 6177 3885 2274 1433 952 667 509 337 1092 1083 1159 1110 1035 402 525 707 964 1545 2378 3648 5511 7083 6882 4724 13833 26617 11069 3998 8660 7532 5109 3165 2048 1286 839 562 448 325 1060 1159 1163 1146 1045 335 495 677 898 1233 2029 3162 4827 6762 7559 3311 8414 23735 19989 6945 8652 8918 6782 4210 2660 1709 1083 717 552 407 1135 1220 1133 1201 1179 453 556 736 1113 1788 2617 4220 6168 7816 7544 5319 15392 29338 12423 4438 9610 8321 5600 3434 2064 1355 892 649 441 330 1239 1227 1214 1287 1114 363 501 661 1025 1437 2219 3318 5089 7277 8210 3305 8877 25109 21388 7182 
4177 6138 7422 6738 4808 3165 1957 1278 901 570 1332 1407 1526 1554 1485 589 824 1322 1945 3142 5031 7344 8362 6671 4181 5394 7760 8049 5957 3935 5216 7131 7622 6124 4057 2577 1772 1151 761 501 1409 1573 1637 1549 1408 533 716 1099 1650 2620 4160 6645 8575 8156 5492 4465 6771 8554 7599 5018 4593 6731 8372 7495 5394 3467 2219 1460 985 708 1579 1603 1807 1753 1648 683 970 1404 2099 3525 5658 8289 9328 7442 4850 6145 8614 9097 6810 4371 5920 7943 8551 6687 4394 2818 1762 1187 829 583 1657 1747 1778 1762 1517 560 798 1190 1752 2771 4449 7162 9508 8691 6313 4875 7672 9378 8432 5918 
1279 1976 3503 5948 9187 9683 6611 3748 2171 1394 2336 2608 2680 2537 2162 1529 2265 3393 4670 5798 5696 4490 3132 2140 1423 2332 2699 2947 2838 2524 1576 2631 4598 7890 10306 8585 5107 2976 1667 1064 2679 2747 2620 2414 2043 1286 1833 2717 4164 5472 5898 5222 3874 2557 1769 2112 2571 2875 3079 2821 1391 2257 3946 7015 10456 10979 7440 4306 2402 1554 2749 2908 2992 2824 2424 1723 2637 3934 5227 6743 6585 5205 3513 2411 1598 2693 3015 3353 3357 2912 1842 3016 5265 8878 11750 9455 5901 3296 1945 1193 3049 3198 3096 2820 2308 1434 2207 3157 4642 6186 7049 6050 4502 2953 2023 2510 3059 3350 3475 3200 
3841 7975 13192 11547 6092 2970 1682 983 597 399 1472 1462 1457 1354 1303 683 940 1351 1904 2788 3697 4661 4680 4114 3101 3062 4856 6691 7175 5755 6151 11855 15086 9631 4587 2532 1430 931 571 391 1688 1658 1629 1474 1341 672 913 1253 1774 2538 3491 4642 5220 4917 4023 2619 4394 6506 7836 7274 4547 9370 15234 13471 7202 3501 2001 1183 744 505 1649 1757 1739 1670 1415 814 1120 1558 2260 3267 4333 5281 5654 4914 3622 3549 5718 7751 8444 6463 6338 12357 15572 9865 4933 2459 1451 883 596 370 1736 1683 1712 1564 1362 733 1010 1336 1940 2666 3706 4756 5454 5150 4254 2891 4471 6907 8376 7631 
16400 10902 5109 2525 1387 796 545 372 235 185 964 1024 947 993 843 341 532 730 946 1311 1854 2553 3547 4434 4860 780 2102 11648 71016 6750 14976 7752 3707 1964 1157 716 469 297 247 178 1090 929 985 982 875 405 444 620 851 1104 1540 2316 3057 4121 4882 679 1587 5212 45271 21868 17043 11480 5375 2668 1460 926 609 385 265 213 1020 1008 1111 952 995 434 513 725 1024 1348 1874 2726 3632 4607 5015 1005 2686 12958 76456 7677 15913 8276 3757 1994 1109 685 461 323 215 186 1116 1089 1124 1012 993 382 463 685 963 1207 1692 2424 3459 4352 5235 553 1384 4707 46749 22277 
1870 3499 7183 12724 13400 7381 3708 1955 1095 715 2064 2100 2047 2016 1771 1116 1579 2306 3132 4234 5001 5022 4090 3063 2113 2820 3629 4258 4478 3957 2689 5224 10155 14964 10677 5553 2856 1613 980 624 2137 2064 2110 1880 1590 970 1402 1860 2810 3802 4969 5273 4786 3765 2563 2432 3258 4039 4606 4315 1987 3705 7256 13042 13733 7661 3875 2103 1211 736 2082 2265 2132 2002 1776 1218 1624 2331 3272 4361 5237 5160 4355 3161 2241 2727 3698 4424 4577 4122 2750 5484 10955 15965 11276 5853 3002 1664 955 642 2326 2369 2266 1984 1733 1000 1433 2156 2864 4159 5218 5730 5064 4107 2914 2578 3534 4505 4973 4586 
1350 1705 2157 2853 3308 3495 3305 2878 2323 1735 1520 2008 2663 3002 3329 629 1257 3205 12986 47524 10977 2824 1089 554 318 2715 2632 2186 1825 1511 1568 2121 2667 3091 3698 3609 3363 2755 2050 1618 1877 2357 2988 3302 3475 547 1051 2372 6962 34336 27373 5791 2038 982 535 2836 2783 2592 2185 1681 1356 1842 2509 3099 3633 3744 3581 3127 2539 1865 1731 2240 2795 3337 3593 756 1553 3898 15026 52519 11847 3421 1406 743 412 2913 2824 2449 1933 1556 1622 2181 2861 3453 3949 3963 3538 2884 2322 1778 2042 2612 3230 3689 3837 493 981 2108 6704 36205 28151 5771 1835 853 479 3169 3030 2829 2308 1871 
1540 3137 7739 18439 16635 6689 2795 1359 801 465 1909 1972 1907 1661 1462 1079 1376 1919 2587 3435 3961 4060 3574 2761 2042 2385 3188 3978 4441 4392 2354 5153 13411 22466 11650 4669 2136 1184 690 405 2035 2050 1946 1734 1473 956 1309 1815 2441 3142 3970 4278 3941 3337 2498 1999 2959 3771 4437 4774 1761 3466 8376 20092 18794 7483 3224 1557 888 533 1982 2161 1944 1854 1604 1134 1467 2116 2853 3814 4136 4268 3784 3006 2207 2388 3424 4310 4708 4502 2538 5682 14862 25300 12880 5050 2218 1226 728 448 2398 2288 2132 1933 1652 1099 1460 2009 2691 3646 4491 4776 4456 3830 2833 2224 3171 4221 5085 5319 
88 166 317 691 2287 25654 22686 2367 681 305 3631 3319 2742 2170 1653 1770 2222 2649 3019 3005 2650 2234 1774 1432 1081 1350 1699 1977 2197 2389 131 244 567 1470 7030 119257 6766 1497 540 246 3787 3201 2569 1904 1443 1613 2080 2577 2939 3142 2901 2467 2116 1641 1269 1246 1613 1918 2215 2420 106 222 405 941 3076 29707 26892 2802 889 363 4011 3759 3119 2415 1715 1974 2458 2968 3240 3245 2775 2520 1944 1502 1107 1509 1851 2129 2403 2554 116 236 468 1282 6791 127303 6245 1259 467 224 4046 3478 2791 2121 1593 1769 2260 2834 3261 3548 3198 2785 2234 1844 1425 1433 1748 2167 2440 2673 
317 386 560 697 1018 1489 2240 3131 4503 5436 550 1539 8206 95351 5419 10405 6399 3600 2058 1213 761 563 377 250 195 966 971 976 893 881 350 441 624 842 1324 1818 2735 3889 5244 5868 1152 3696 40660 21040 2809 11993 8675 4914 2749 1622 984 674 480 316 246 970 993 1032 969 931 351 441 592 815 1130 1560 2410 3424 4953 6222 686 1936 10208 105447 6568 11361 6939 3956 2152 1346 869 556 460 309 242 1032 1092 1092 990 962 426 471 727 990 1402 2104 2925 4341 5747 6624 906 3313 42593 21224 2535 13068 9667 5329 2973 1744 1133 717 475 353 249 1092 1117 1145 1149 1034 
160 288 427 608 988 1721 3281 6916 13453 13722 9571 17597 12476 5284 2376 4535 4444 3774 2870 2034 1509 1028 756 596 419 1040 1112 1121 1178 1163 282 429 576 839 1442 2580 5219 11020 16797 11594 15611 18612 9206 4042 1969 4660 5000 4605 3643 2606 1860 1329 1012 689 541 1005 1178 1148 1273 1279 238 343 494 738 1191 2016 3683 7835 15114 15693 10979 20010 14178 6115 3018 5109 5061 4253 3253 2333 1610 1143 816 612 492 1094 1213 1278 1286 1206 287 412 586 917 1542 2793 5699 11783 18103 12303 16997 20424 9955 4242 2045 5028 5399 5026 3997 2936 2062 1489 1013 725 585 1203 1293 1383 1353 1313 
1217 1958 3245 5135 8023 9031 6965 4394 2688 1598 2617 2845 2919 2903 2564 1737 2560 3959 5672 6763 6365 4550 3100 1953 1351 2314 2773 2873 2786 2448 1513 2592 4087 6949 9231 8705 5795 3469 2155 1346 2739 3084 3066 2913 2362 1454 2165 3357 4900 6735 6918 5736 3828 2501 1721 2296 2631 2945 2971 2593 1281 2126 3394 5763 8823 9852 7741 4740 2840 1838 2770 3126 3193 3198 2636 1841 2747 4406 6315 7533 6869 5095 3363 2161 1473 2679 3029 3166 3077 2639 1590 2701 4579 7396 9952 9330 6095 3633 2176 1431 3043 3261 3296 3108 2497 1541 2208 3510 5396 7247 7415 6109 4202 2739 1746 2412 2845 3102 3074 2869 
3021 3664 3946 3757 3066 2338 1706 1215 908 722 1081 1225 1444 1422 1466 232 314 533 967 1838 4331 12229 25202 12672 4399 8961 7864 5098 3086 1877 3415 4046 4021 3511 2899 2138 1562 1209 860 677 1184 1366 1439 1432 1451 220 349 526 853 1488 3110 7454 21016 21410 7776 8428 9189 6718 4161 2468 3335 4059 4409 4067 3386 2539 1901 1442 1043 746 1247 1337 1494 1542 1629 301 433 696 1125 2158 4744 13346 27977 13972 5195 9950 8733 5710 3434 2021 3881 4423 4479 3923 3095 2323 1620 1246 917 703 1370 1491 1586 1662 1637 229 304 517 832 1438 3208 7991 22967 23638 8159 9389 9961 7406 4510 2643 
1759 2265 3089 3972 4285 4161 3373 2524 1871 1338 1541 1897 2268 2355 2378 759 1240 2403 5488 12465 18698 10310 4404 2046 1127 3552 3436 3019 2442 1839 2138 2907 3791 4463 4498 3928 3215 2276 1689 1141 1882 2213 2421 2596 2423 638 1162 1921 3805 8946 18157 15738 7059 3081 1685 3491 3670 3528 2846 2270 1904 2583 3377 4301 4712 4503 3582 2743 2024 1440 1740 2019 2500 2551 2573 919 1571 2716 5950 13780 20256 10981 4810 2349 1284 3778 3800 3216 2671 2067 2233 3134 4122 4754 4965 4333 3482 2493 1870 1342 2052 2332 2707 2758 2707 688 1098 2058 4178 9499 19864 17083 7466 3375 1689 3839 4067 3834 3255 2508 
2918 3510 3875 3648 2791 2270 1655 1196 947 662 1000 1205 1334 1385 1386 217 319 526 859 1656 3819 10993 25356 12921 4453 8912 7535 4971 2872 1768 3698 4133 4077 3566 2826 2090 1578 1113 846 615 1157 1429 1469 1531 1535 207 318 498 819 1404 2881 7298 20985 23707 8429 9033 9743 7104 4303 2521 3181 3837 4075 3846 3116 2339 1772 1329 908 754 1107 1287 1402 1535 1539 301 405 678 988 2023 4555 12320 28100 14361 5017 9858 8447 5419 3343 1914 3893 4494 4318 3861 3016 2266 1639 1224 881 703 1298 1527 1543 1649 1680 211 325 481 835 1423 2894 7401 22276 25273 8583 9711 10104 7462 4457 2641 
123 134 190 339 432 766 1417 3156 8042 21820 19061 43262 5851 1654 726 3937 3624 2754 2064 1462 1210 852 624 510 362 889 994 989 1000 1016 163 210 310 458 691 1195 2311 5435 14928 26497 57802 16231 3556 1315 664 4172 3923 3433 2531 1883 1459 980 787 556 439 941 950 1033 1034 1089 142 199 258 425 623 950 1725 3730 9282 24096 22553 49130 7036 2141 952 4361 3941 3163 2328 1665 1217 935 754 502 395 950 1040 1091 1156 1157 144 196 274 470 665 1186 2330 5483 15622 28099 61205 16362 3238 1145 534 4525 4338 3522 2796 1990 1530 1110 768 585 508 961 1037 1045 1129 1169 
16245 42532 3120 801 318 168 107 60 45 40 1127 1100 1092 994 919 517 656 912 1221 1458 1915 2406 2680 3116 2984 845 1761 3873 11125 26325 97318 9869 1882 715 316 160 82 75 48 37 1194 1095 1056 966 852 449 594 796 1050 1302 1673 2239 2655 3039 3141 813 1348 2734 6779 19519 19317 49158 4002 1093 463 235 143 80 48 41 1263 1225 1174 1080 939 565 760 917 1208 1655 2082 2703 3103 3305 3280 1092 1926 4463 12388 28913 106756 9551 1615 509 234 135 75 54 29 27 1261 1247 1154 1096 946 518 746 872 1108 1419 1986 2468 3015 3344 3543 756 1414 2848 7313 21628 
466 618 818 1070 1414 1877 2380 2802 3264 3314 922 1750 3497 8149 17629 35654 23858 3834 1220 530 276 186 112 82 79 1181 1181 1127 1017 900 576 764 992 1336 1700 2040 2681 3191 3346 3220 1393 2534 5537 13107 20320 12900 64837 9541 2554 999 498 298 196 103 88 1216 1209 1151 1074 983 511 697 887 1169 1586 2031 2567 3149 3552 3462 1094 1874 3897 9020 19661 40258 27344 4670 1629 755 411 240 167 96 88 1311 1233 1149 1110 980 615 789 1088 1471 1770 2428 3069 3620 3743 3668 1395 2719 6032 14241 22817 13324 72308 9589 2352 892 431 256 158 100 75 1427 1329 1290 1204 1171 
640 1407 3826 18063 40194 7212 2067 885 434 280 2281 2188 1990 1773 1454 1171 1568 2017 2558 3063 3444 3192 2853 2181 1749 1899 2529 3230 3916 4125 1161 2625 8605 44500 18511 4346 1609 748 453 284 2289 2125 1957 1643 1379 1008 1369 1843 2436 2871 3437 3513 3222 2637 2139 1693 2243 3100 3747 4303 843 1794 4775 20804 45042 8749 2642 1206 649 360 2495 2338 2214 1886 1625 1285 1675 2332 2908 3366 3766 3642 3154 2560 1978 2049 2865 3558 4392 4584 1046 2464 8780 46529 19098 4271 1418 726 392 227 2469 2330 2019 1820 1458 1191 1515 1958 2613 3272 3645 3765 3490 2946 2294 1726 2459 3248 4116 4532 
525 666 883 1187 1678 2153 2780 3268 3657 3502 1436 2472 4956 9394 13449 14698 31907 10569 3303 1374 705 431 279 157 132 1283 1231 1138 1148 1025 640 834 1114 1530 1965 2597 3268 3656 3833 3364 2140 3693 7273 12656 12991 8249 28638 21819 6135 2445 1184 662 438 274 185 1317 1404 1285 1185 1104 569 716 1026 1241 1892 2403 2984 3686 3980 3746 1627 2863 5362 10523 14821 16590 34714 11919 4017 1787 887 536 367 210 165 1413 1328 1299 1150 1101 687 923 1202 1667 2266 2855 3667 4027 4091 3806 2222 4042 8141 13962 14205 8766 30736 23070 6484 2409 1112 613 366 245 145 1432 1476 1382 1345 1184 
3667 4377 4365 3842 2975 2230 1540 1111 803 610 1066 1211 1269 1354 1291 251 398 560 973 1735 3503 7765 16597 15634 7193 10998 10639 6780 3659 2104 4176 4536 4402 3500 2696 1965 1455 1060 708 562 1126 1305 1416 1345 1393 279 353 560 838 1439 2655 5582 12574 19352 11305 9306 12303 9153 5041 2819 3896 4708 4665 4015 3142 2328 1659 1194 914 683 1145 1264 1289 1392 1400 343 426 692 1091 1922 3926 8543 17908 16629 7475 11798 11506 7073 3820 2278 4919 5226 4819 4037 2913 2094 1491 1158 792 597 1315 1434 1538 1527 1550 256 383 519 858 1457 2641 5922 13617 21208 12451 10268 13391 10177 5837 3050 
439 878 2390 9119 58233 11851 2565 1004 432 242 2421 2387 2209 1810 1484 1249 1697 2252 2664 3205 3210 3206 2667 2102 1673 1720 2375 2919 3533 3864 790 1711 4820 26850 35233 5817 1872 886 484 288 2495 2334 1950 1654 1443 1143 1424 1922 2607 2998 3404 3419 3130 2487 1924 1626 2141 2784 3403 3785 562 1179 2832 10703 64474 13443 3302 1272 623 346 2642 2631 2400 1979 1612 1463 1832 2431 2953 3435 3624 3463 2835 2365 1761 1964 2562 3210 3890 4087 646 1410 4488 27996 36892 5546 1629 718 370 228 2675 2535 2267 1873 1427 1288 1564 2154 2582 3263 3662 3683 3186 2652 2087 1588 2358 3037 3601 4056 
185 309 463 882 1839 5259 21910 29722 7068 2272 5626 5621 4366 3031 2082 2592 3155 3527 3462 3033 2472 1785 1406 1041 838 1267 1429 1667 1809 1778 296 415 818 1479 3468 11226 39993 15694 4492 1795 5944 5198 3905 2690 1795 2373 3110 3580 3622 3364 2848 2265 1710 1262 907 1237 1423 1629 1800 1892 237 379 617 1140 2300 6085 24405 33427 8303 2904 6131 5957 4751 3399 2302 2907 3493 3843 3818 3297 2659 2070 1568 1214 838 1481 1603 1817 1975 1959 248 372 688 1334 3326 11099 42260 16332 4254 1604 6400 5630 4154 2771 1930 2507 3321 3720 4049 3604 3056 2451 1858 1375 1052 1306 1595 1742 1940 1982 
2548 2818 3122 2942 2581 2063 1639 1266 968 715 974 1153 1303 1379 1433 67 88 143 252 491 1388 6725 103161 6470 1216 8342 5746 3419 2195 1253 2819 3156 3041 2895 2410 1956 1491 1139 899 679 1068 1229 1407 1504 1471 42 95 132 212 446 1044 3452 30760 27120 3238 9217 7352 4762 2870 1750 2895 3249 3405 3294 2844 2305 1763 1381 1066 845 1062 1400 1429 1565 1698 47 110 172 316 618 1823 8658 115301 8158 1785 9356 6419 4043 2369 1477 3017 3488 3381 3026 2651 2078 1561 1263 926 677 1184 1351 1434 1531 1607 49 63 111 182 374 865 3036 30371 27520 2805 9868 7879 4991 3027 1861 
21 37 59 91 122 283 465 1370 5978 102424 32429 10936 3390 1476 719 3086 2903 2574 2106 1667 1297 961 776 546 438 852 916 1061 1098 1110 34 51 84 111 213 459 985 3107 25950 31762 21943 6448 2425 1160 655 3146 3136 2774 2444 1864 1454 1142 845 682 508 862 946 1045 1079 1139 39 31 64 98 165 327 641 1696 7493 114362 35604 12330 4172 1771 920 3443 3179 2784 2250 1773 1357 989 815 598 501 969 1012 1129 1143 1226 31 45 71 104 200 358 800 2736 26870 32818 23933 6752 2493 1176 617 3593 3545 3116 2608 2130 1603 1245 982 765 612 957 1060 1125 1189 1253 
330 446 662 1014 1631 2823 5100 8643 10817 8086 6089 10377 11083 7269 3870 5023 5714 5269 3911 2732 1791 1243 904 647 428 1182 1226 1344 1236 1212 422 605 922 1413 2336 4070 7300 11310 10987 6646 8646 12380 10141 5913 3209 4866 6031 6133 4997 3476 2374 1585 1116 822 600 1209 1249 1378 1360 1349 363 512 771 1190 1878 3285 5661 9849 12276 9430 7108 11539 12856 8414 4352 5766 6596 5803 4473 3041 2069 1410 1001 690 512 1363 1424 1468 1454 1451 426 582 959 1502 2540 4295 7799 12155 11842 7290 9498 13722 11090 6300 3342 5286 6464 6648 5369 3800 2629 1756 1260 858 618 1273 1448 1520 1440 1509 
768 1046 1556 2157 3035 3921 4741 4606 3885 3047 2381 3297 4534 5404 5213 3382 7220 14134 14034 7348 3489 1819 985 578 396 1734 1844 1745 1591 1413 950 1388 1857 2635 3690 4607 4922 4596 3557 2712 2994 4024 5367 5790 5033 2608 5216 11241 16916 11183 5214 2703 1406 838 623 1919 1903 1908 1776 1518 891 1182 1681 2450 3333 4388 5000 5199 4386 3289 2602 3717 4975 5906 5746 3969 8278 15538 15780 8191 3934 2011 1131 708 507 2008 2038 1904 1712 1489 997 1563 2046 2889 3969 5073 5469 5097 3976 2987 3211 4616 5789 6416 5529 2853 5581 12248 18455 12095 5644 2832 1587 898 561 1983 2077 2020 1910 1809 
1952 2553 3036 3563 3449 2932 2468 1865 1411 1014 1343 1576 1802 1889 1987 270 507 927 2049 5660 23369 26765 6503 2179 1028 4517 4082 3187 2347 1710 2311 2893 3452 3673 3444 2930 2214 1673 1240 958 1426 1684 1947 2062 2081 315 453 804 1590 3531 12092 38791 14155 4054 1676 4517 4498 3798 2820 2176 2185 2784 3408 3809 3780 3356 2753 2098 1546 1162 1455 1661 1854 2062 2240 390 607 1169 2367 6600 26333 29580 7536 2650 1235 4922 4270 3598 2616 1824 2563 3212 3914 4015 3678 3187 2530 1893 1371 1051 1560 1937 2094 2267 2334 259 438 757 1484 3657 12606 42323 15006 4110 1626 5057 5045 4064 3232 2223 
1922 2565 2968 3444 3425 3061 2476 1866 1399 1022 1298 1555 1762 1939 1962 283 499 861 1986 5716 23735 25682 6279 2038 981 4485 4105 3153 2387 1774 2304 2890 3336 3634 3331 2724 2203 1629 1301 943 1417 1797 1921 2021 2061 317 485 819 1573 3702 12198 38988 13570 3906 1589 4602 4493 3801 2829 2093 2168 2857 3510 3920 3897 3345 2834 2166 1650 1240 1376 1753 2037 2177 2329 426 665 1225 2544 7015 27235 29877 7483 2666 1256 4976 4421 3588 2706 1909 2560 3121 3949 4079 3896 3184 2535 1886 1411 1125 1617 1943 2179 2369 2301 288 415 764 1535 3758 13338 42858 14797 4016 1623 5151 4987 4183 3219 2368 
459 665 1134 2058 4330 10089 18628 12975 5393 2517 4341 4702 4207 3475 2465 2615 3476 4184 4444 3901 3111 2321 1693 1219 867 1563 1779 1943 1887 1969 564 904 1594 3137 6820 15576 18425 8993 3878 1908 5004 4765 4029 3084 2141 2283 3123 3973 4467 4333 3664 2820 2013 1437 1083 1486 1744 2057 1995 2048 546 754 1282 2445 4901 11285 20650 14316 6126 2750 4886 5171 4772 3694 2657 2781 3750 4496 4894 4362 3469 2542 1846 1412 934 1669 2013 2119 2220 2113 567 983 1748 3408 7541 17194 20057 9695 4126 2087 5367 5466 4451 3382 2430 2600 3526 4525 5092 4967 4136 3302 2374 1759 1182 1653 1972 2224 2356 2306 
4359 4204 3387 2535 1883 1371 940 711 580 414 896 941 952 1036 1019 149 210 355 484 741 1300 2513 5447 12913 19933 35941 24512 4032 1267 583 4584 3919 3177 2250 1623 1262 891 654 556 377 940 1010 1052 1078 1045 165 219 310 413 652 1073 1935 3750 8838 18921 13339 63796 9903 2524 1045 4672 4325 3594 2771 1969 1404 1047 790 624 431 902 991 1018 1043 1104 197 261 386 559 831 1436 2755 5808 13690 21282 38329 26648 4863 1635 789 5038 4424 3430 2445 1772 1281 922 702 525 373 1039 1121 1114 1202 1180 148 187 279 447 640 1046 1930 3990 9210 20356 13427 67184 9982 2349 908 
26789 21045 5649 2013 972 515 302 201 150 106 1018 1083 1055 898 854 451 626 808 1119 1384 1859 2452 3023 3534 3573 977 2051 5695 22337 26633 36134 11849 3785 1744 879 493 322 220 157 107 1102 1037 1082 970 865 476 606 728 947 1304 1728 2286 3006 3596 3869 853 1692 3767 12267 38365 30567 24637 6830 2553 1275 700 454 270 197 134 1186 1223 1104 1084 979 510 683 910 1255 1601 2231 2774 3566 3969 4019 1204 2554 7011 26116 30718 38163 12514 3731 1659 856 467 322 188 153 110 1267 1248 1100 1068 976 490 584 843 1062 1427 1862 2520 3260 3984 4178 802 1580 3832 13028 40990 
4696 4490 3787 2796 2022 1482 1016 729 586 384 947 995 1027 1031 1081 194 270 404 606 955 1589 3051 6790 13757 15246 21935 28430 7232 2473 1068 4761 4153 3385 2474 1833 1293 919 692 506 395 967 1000 1076 1060 1047 197 278 363 549 793 1315 2364 4851 10130 16974 11448 37447 15173 4355 1819 5048 5133 4140 3288 2345 1644 1167 803 668 472 998 1102 1078 1201 1153 242 330 506 664 1121 1850 3603 7671 15282 17202 24704 32457 8502 2887 1330 5177 4712 3758 2794 2021 1357 1021 747 563 434 1153 1094 1213 1187 1180 186 227 336 544 862 1352 2457 5171 11211 18654 11655 40498 16210 4405 1725 
3953 5181 5997 5510 4263 2857 1925 1363 947 717 1282 1355 1596 1579 1540 484 694 1039 1760 2949 5432 9431 11616 8326 4732 6885 8486 7496 5000 3106 4564 5773 5928 4944 3572 2488 1612 1162 808 590 1412 1450 1538 1549 1443 399 602 904 1344 2284 4212 7369 11088 10515 6398 5646 8198 8415 6370 4104 4099 5577 6444 5757 4555 3183 2143 1495 971 710 1388 1548 1590 1658 1619 545 784 1140 2004 3404 6056 9893 12563 9141 5122 7509 9204 8134 5437 3315 5025 6405 6488 5347 3851 2684 1794 1179 895 678 1458 1639 1726 1656 1558 476 650 928 1533 2477 4536 7992 11876 11368 7094 6179 9042 9289 6971 4312 
428 548 704 860 1200 1433 1979 2385 2783 3045 389 673 1544 4238 21168 59077 3204 829 359 178 98 53 51 25 23 1019 983 932 911 723 443 592 772 1064 1432 1851 2224 2742 3106 3181 565 1243 2871 9870 49014 84078 10844 1784 584 263 137 101 55 47 14 1148 1070 1045 946 892 437 573 735 974 1245 1686 2072 2614 3170 3361 475 922 1844 5105 24454 66632 4010 1021 411 197 126 62 42 31 31 1149 1097 1030 981 790 505 709 853 1190 1536 1929 2484 3053 3328 3543 592 1120 2809 10335 52457 89909 10860 1635 518 253 154 66 61 33 19 1143 1152 1172 1004 936 
833 1152 1612 2241 2953 3525 4149 3899 3395 2589 1957 2836 3934 4765 4933 2521 5801 15388 21424 9266 3728 1661 931 517 366 2030 1882 1721 1569 1344 1097 1469 1957 2713 3500 4146 4251 3915 3185 2376 2575 3458 4601 5290 5036 2012 4099 10453 23052 16138 6169 2772 1345 792 476 2000 1996 1884 1700 1568 891 1244 1805 2489 3163 3992 4409 4210 3607 2728 2181 3066 4186 5052 5183 2757 6294 17035 23150 10170 3922 1897 1036 659 467 2071 2023 1827 1687 1428 1172 1558 2113 2858 3784 4399 4611 4096 3356 2559 2735 3847 4979 5587 5250 1962 4109 10968 24315 16598 6345 2685 1467 759 463 2218 2228 2083 1850 1671 
779 1135 1883 3237 5884 9440 10393 7275 4053 2333 3242 3818 3956 3565 2769 2316 3506 4780 5693 5652 4250 3013 1995 1340 899 1890 2032 2179 2276 2003 970 1476 2545 4590 7767 10985 9406 5661 3297 1972 3561 4010 3822 3389 2589 1938 3087 4323 5408 6113 5143 3787 2473 1691 1118 1804 1949 2116 2188 2159 892 1332 2013 3548 6423 10589 11787 8182 4703 2717 3619 4248 4478 3889 3131 2701 3957 5503 6497 6190 4883 3292 2258 1562 1034 2023 2366 2479 2415 2187 1023 1736 2805 4931 8586 12338 10567 6467 3605 2063 4278 4529 4365 3736 2842 2252 3325 4975 6170 6689 5649 4162 2864 1860 1316 2010 2227 2491 2505 2490 
753 996 1208 1591 2063 2458 2878 3056 2817 2570 1411 2147 3327 5003 6550 1496 7069 90649 7115 1545 523 278 137 97 64 1589 1470 1321 1286 1077 880 1136 1485 1914 2373 2870 3221 3144 2884 2379 1841 2855 4318 6158 7226 1157 3670 29512 30076 3727 1128 504 253 155 109 1690 1613 1561 1414 1226 783 1038 1332 1822 2166 2734 3149 3469 3156 2738 1589 2306 3713 5294 7090 1982 8530 101436 8776 1906 731 355 207 127 77 1685 1657 1567 1343 1097 956 1191 1578 2172 2653 3263 3524 3549 3212 2699 2049 3064 4698 6748 7862 898 3212 30287 31103 3313 914 437 216 117 71 1914 1832 1680 1545 1327 
359 484 567 832 1154 1636 2185 2994 4027 4619 654 1420 4912 33757 25068 15849 8106 3667 1805 984 638 380 304 207 171 998 1003 975 948 865 440 544 740 1053 1385 1984 2781 3742 4543 4949 1144 3011 12924 64596 10031 18144 12582 5785 2871 1547 928 589 394 285 200 1046 1069 1030 1030 964 411 504 669 870 1243 1793 2501 3335 4346 4855 824 1877 5885 37815 28326 17629 8913 4185 1993 1191 734 503 321 249 179 1047 1105 1143 988 890 457 583 774 1073 1495 2048 2819 3815 4791 5098 1015 2610 12420 65951 9775 18886 12917 5935 2831 1493 843 598 355 289 191 1125 1149 1146 1037 979 
507 785 1293 2229 3939 7369 11693 10742 6396 3380 4181 5304 5107 4224 3236 3109 4268 5478 5583 4821 3479 2367 1622 1132 849 1629 1853 1855 1933 1858 666 1115 1758 3232 5559 10166 12252 8751 4834 2610 4814 5294 4852 3810 2673 2574 3773 5114 5731 5354 4097 2922 1989 1354 941 1501 1762 1903 1940 1885 619 886 1430 2343 4357 8047 12495 11647 6757 3668 4458 5504 5338 4593 3427 3281 4566 5806 5839 4805 3639 2410 1712 1202 878 1747 1848 1976 2075 1891 772 1183 1910 3400 6516 11705 14039 9750 5433 3004 5452 6030 5528 4487 3226 2953 4371 5895 6501 6077 4648 3389 2261 1602 1051 1785 2026 2235 2251 2174 
530 1003 2132 6017 23640 25300 6664 2392 1089 578 2718 2667 2462 2048 1716 1463 2007 2559 3110 3529 3634 3162 2567 1893 1525 1812 2244 2676 3061 3151 816 1705 3855 12699 36091 13662 4185 1719 854 492 2835 2685 2347 1895 1593 1346 1816 2268 2974 3434 3754 3506 2884 2249 1831 1630 2125 2530 2924 3148 698 1268 2657 7187 26619 28075 7687 2882 1328 677 3070 2980 2680 2272 1840 1663 2221 2775 3500 3817 3814 3489 2790 2142 1608 1962 2507 3026 3401 3291 823 1638 3935 13390 39772 14705 4353 1751 892 510 3242 3070 2669 2105 1717 1429 2041 2625 3334 3956 4145 3939 3337 2532 1910 1782 2316 2790 3390 3520 
7007 10929 10657 6396 3609 1927 1170 761 527 333 1287 1285 1257 1186 1126 523 760 1038 1473 2293 3217 4510 5412 5520 4466 3762 7277 12087 11720 6840 9469 12035 9068 5026 2860 1646 964 642 423 344 1289 1384 1407 1262 1139 448 646 906 1253 1825 2770 3956 5400 5761 5341 2949 5566 10247 13441 9469 7838 12171 11722 7189 4014 2156 1319 882 606 427 1373 1435 1440 1391 1270 588 774 1115 1681 2304 3540 4919 5891 6209 4987 4271 8280 13299 12721 7529 10451 13170 9655 5434 2958 1666 1063 676 479 345 1481 1443 1462 1357 1287 545 652 981 1374 1987 2882 4207 5583 6391 5740 3214 5957 11146 14388 10240 
472 616 879 1123 1523 2047 2742 3297 3768 3785 1375 2508 5342 11822 16841 20146 22613 7453 2789 1356 700 436 281 189 120 1193 1187 1088 1061 944 601 746 1010 1285 1890 2473 3142 3788 3986 3725 1958 3831 8384 16225 14719 12252 28299 14130 4936 2077 1113 647 422 280 164 1299 1199 1252 1143 1046 511 683 910 1200 1740 2317 2991 3695 4132 4126 1475 2810 6028 12890 19038 22169 25099 8685 3246 1559 889 512 382 241 191 1328 1298 1232 1094 942 622 787 1049 1472 2001 2554 3365 4199 4360 4045 1969 4094 9010 17583 16069 12919 30582 15214 4980 2133 1060 563 382 251 156 1386 1367 1309 1226 1127 
2808 3384 3450 3069 2548 2050 1670 1178 851 735 1010 1101 1240 1390 1519 106 140 229 416 778 1945 6942 47642 17355 3256 10370 6940 4004 2330 1366 3176 3482 3532 2872 2432 1885 1466 1100 796 630 1161 1246 1366 1427 1479 105 157 232 364 727 1446 3883 18872 51555 7776 11194 9260 5652 3271 1911 3033 3457 3530 3281 2787 2128 1598 1236 960 754 1001 1150 1342 1523 1490 149 203 324 522 999 2349 7929 51910 19473 3936 11044 7408 4347 2513 1513 3498 3754 3754 3269 2591 2051 1549 1162 894 675 1216 1352 1477 1543 1557 91 114 204 329 591 1270 3830 19218 55500 7849 12004 10099 6140 3459 2008 
236 268 389 550 811 1270 2138 3651 6387 10096 2293 14949 55838 4449 1141 6028 4746 3303 2204 1550 986 735 565 397 335 946 976 1018 967 930 233 353 497 684 1043 1611 2835 4839 8371 10637 5812 68110 13854 2512 886 6042 5350 3976 2788 1801 1228 869 618 452 380 866 947 967 994 967 243 374 418 649 947 1439 2257 3940 7059 10880 3018 17161 61793 5551 1515 6281 5072 3549 2410 1634 1079 809 552 410 342 986 1076 1034 1094 1004 281 373 521 792 1160 1838 3021 5620 9348 12157 5433 73534 14306 2344 789 6878 6097 4453 2951 2112 1346 1001 705 506 408 1061 1058 1131 1198 1124 
443 551 684 936 1211 1658 2066 2651 3110 3234 519 866 2032 6196 29320 58953 6225 1631 618 344 226 123 79 65 43 1126 1055 1043 925 786 470 646 802 1095 1301 1860 2391 2916 3158 3287 745 1500 3644 13369 44854 52418 18726 3507 1236 618 334 181 129 87 63 999 1030 1091 947 877 502 671 790 997 1287 1738 2301 2791 3338 3535 592 1125 2442 7041 32469 64256 7454 2099 795 442 229 139 105 65 55 1135 1103 1033 1028 842 539 643 884 1206 1453 1986 2570 3040 3591 3622 701 1490 3591 13931 48424 56025 18739 3220 1021 465 247 165 110 80 49 1209 1171 1088 1002 900 
492 726 1271 2514 5489 12644 18828 10221 4270 2085 4027 4295 3866 3137 2344 2407 3114 3994 4298 4251 3444 2543 1867 1312 955 1653 1862 2078 2114 2152 709 1178 1983 4042 9055 19290 16462 7266 3339 1754 4555 4468 3882 3015 2148 2169 2968 3959 4558 4759 4298 3184 2374 1689 1323 1603 1841 2112 2189 2276 569 953 1484 2793 6042 14119 20758 11584 4830 2342 4409 4814 4426 3428 2661 2544 3427 4295 5011 4714 3598 2901 2017 1487 1103 1744 2128 2302 2310 2269 650 1192 2014 4134 9556 19958 17160 7573 3330 1683 4839 4797 4013 3159 2386 2287 3176 4008 4880 4962 4235 3299 2565 1825 1294 1697 1979 2359 2469 2394 
5671 5008 3947 2909 1973 1258 933 649 509 392 942 926 996 1102 1012 220 349 414 610 968 1675 2861 5366 9942 12394 10659 61689 9949 2280 874 5532 4657 3424 2423 1615 1128 790 662 456 322 943 1104 984 1078 1020 176 249 365 538 867 1300 2344 4071 7697 12251 5309 32417 30418 5059 1624 5992 5606 4254 2988 2108 1504 1011 733 556 420 966 1054 1069 1098 1071 266 356 503 730 1131 1854 3274 6059 11004 13541 12241 68698 11680 2902 1080 5986 5042 3740 2553 1808 1303 930 693 446 371 990 1081 1141 1164 1094 226 274 404 548 889 1417 2414 4308 8142 13066 4983 33440 31144 4739 1470 
188 272 412 716 1288 2644 7025 20671 21223 7138 8254 8551 6305 3900 2187 3311 3731 3886 3345 2639 2048 1463 1122 788 609 1158 1321 1389 1365 1434 265 397 618 991 1951 4354 12662 27850 13254 4616 9064 7997 5182 3082 1968 3128 3787 3980 3565 3075 2428 1746 1325 956 754 1135 1223 1379 1445 1506 217 347 493 836 1451 2983 7722 23202 23555 8231 9155 9489 6941 4288 2432 3742 4042 4040 3620 2890 2170 1615 1168 869 689 1219 1398 1504 1587 1590 234 365 539 1103 2000 4809 14007 31203 14605 4967 10281 8871 5724 3399 2071 3459 4221 4346 4136 3404 2638 2020 1442 1112 810 1301 1418 1601 1615 1638 
2748 4743 7423 9068 7159 4282 2595 1556 1054 684 1515 1769 1729 1759 1677 810 1095 1723 2642 3937 5725 6587 5778 4172 2803 3686 4872 5417 4814 3828 4051 6717 9606 9138 6232 3801 2242 1426 946 624 1802 1908 1829 1796 1621 706 1042 1491 2346 3567 5146 6682 6905 5526 3794 3246 4645 5652 6023 4848 3202 5330 8634 10165 8074 5270 3109 1821 1257 822 1758 1889 2001 1927 1778 946 1302 1956 3025 4516 6507 7485 6550 4737 3193 4075 5527 6291 5743 4435 4347 7279 10127 9883 6828 4116 2368 1544 984 691 1986 2065 2109 1960 1781 763 1143 1678 2486 3913 5817 7501 7592 5974 4053 3685 5108 6394 6418 5471 
4772 4566 3626 2658 1962 1326 1028 717 559 441 898 960 971 1010 982 194 247 371 581 875 1498 2807 5779 11922 15769 21445 38006 6336 1847 807 4777 4322 3288 2342 1683 1231 867 643 455 370 907 1014 1066 1114 1070 196 236 348 481 777 1234 2227 4142 8997 15773 9418 52387 15574 3687 1399 5062 4870 3871 2855 2035 1444 1073 805 557 402 1012 988 1139 1117 1049 236 295 438 655 1083 1577 2947 6280 12764 17184 23629 41522 7205 2214 945 5302 4613 3517 2500 1825 1216 872 706 495 383 998 1068 1115 1075 1099 169 254 342 506 750 1253 2141 4300 9246 16806 9182 55122 15676 3316 1301 
1252 4289 30347 27922 4178 1249 559 273 164 120 1686 1562 1526 1345 1150 830 1072 1484 1838 2470 2884 3222 3263 2880 2388 1958 2898 4542 6177 7008 2768 11342 69745 10550 2518 1051 518 314 162 145 1686 1630 1474 1280 1121 793 1037 1297 1678 2156 2764 3228 3367 3139 2757 1613 2490 3798 5556 7009 1686 5373 35147 31853 5099 1670 744 382 216 168 1754 1817 1644 1486 1336 913 1221 1600 2066 2567 3144 3471 3587 3206 2511 2113 3187 4817 6795 7845 2466 11386 73803 10341 2433 894 401 244 151 109 1850 1721 1590 1448 1202 886 1121 1494 1845 2365 3062 3557 3618 3420 3002 1805 2642 4064 6209 7816 
145 219 282 490 878 1596 3292 9101 22312 16374 12485 14434 8504 3997 2015 3886 3860 3541 2812 2136 1583 1149 881 618 476 1038 1078 1167 1257 1288 220 331 485 725 1302 2567 5743 15709 24194 10643 15552 12453 6193 3069 1687 3712 4182 3947 3433 2550 1998 1362 1031 749 620 1011 1106 1228 1219 1275 191 285 408 595 1059 1874 3976 10202 24549 18459 13689 16427 9481 4625 2359 4329 4530 3982 3120 2330 1771 1284 952 690 517 1086 1313 1293 1342 1352 204 306 459 734 1329 2662 6152 17028 26146 11379 17103 13493 6565 3277 1823 4214 4568 4465 3744 2959 2115 1586 1066 868 636 1166 1269 1377 1416 1373 
4694 4751 4158 3163 2328 1663 1176 852 603 482 871 1112 1066 1104 1128 222 333 468 685 1136 2017 4032 8630 15405 12736 17569 22062 8618 3275 1509 4825 4761 3846 2815 2070 1480 1100 752 538 439 1031 1086 1148 1180 1145 230 297 461 593 971 1579 3112 6172 12885 16398 11228 25363 15292 5632 2470 4927 5059 4537 3507 2563 1788 1283 945 687 499 1078 1134 1166 1162 1242 244 335 522 816 1334 2305 4426 9358 17000 14151 19061 24079 9429 3685 1830 5351 5050 4167 2984 2163 1509 1140 746 639 455 1095 1172 1235 1313 1278 235 322 399 604 998 1699 3086 6644 13696 18101 11865 27213 16122 5905 2466 
384 545 739 1179 1956 3299 5748 8871 9786 7135 5469 8756 9771 7315 4303 5081 6016 5713 4624 3076 2065 1387 962 650 446 1284 1387 1418 1395 1309 496 687 986 1624 2594 4568 7624 10456 9052 5496 7103 10330 9175 5772 3328 4414 5953 6285 5457 3909 2670 1774 1204 885 597 1297 1338 1470 1446 1416 403 579 923 1381 2227 3726 6428 10107 11152 7909 6028 9657 10941 8109 4859 5585 6836 6718 5176 3484 2294 1531 1060 793 505 1568 1508 1538 1574 1473 513 716 1120 1729 3073 5017 8719 11497 10012 6219 8136 11339 10358 6633 3711 4990 6691 7139 6131 4314 3011 1943 1347 915 688 1381 1530 1538 1633 1584 
8499 35986 17016 4277 1544 739 397 263 167 123 1228 1282 1129 1093 1014 571 755 1037 1336 1807 2268 2892 3297 3423 3278 1729 3051 6466 12178 14136 19299 36590 8667 2818 1241 632 409 285 157 109 1283 1205 1193 1141 931 542 692 923 1183 1603 2106 2722 3277 3534 3444 1234 2361 4538 9358 15192 9693 40129 19658 5045 1983 929 531 363 230 183 1354 1406 1283 1245 1099 626 878 1157 1487 1999 2495 3252 3734 3838 3547 1866 3500 7079 13425 15623 20554 40309 9404 2860 1233 608 344 231 166 110 1438 1448 1371 1245 1114 596 764 1024 1340 1745 2445 3093 3662 4110 3854 1467 2555 5064 10475 16777 
2649 3804 4871 5432 5019 3864 2669 1872 1287 908 1414 1686 1819 1929 1760 631 972 1524 2756 5103 9611 12573 9251 4892 2604 4915 5465 4842 3732 2601 3255 4420 5344 5409 4476 3299 2347 1584 1125 829 1565 1764 1965 1932 1806 561 827 1265 2181 3911 7254 12089 11651 7063 3715 4483 5353 5522 4446 3271 2933 4148 5431 5893 5592 4248 3002 2063 1421 1048 1620 1857 1986 2057 1976 758 1083 1724 3270 5731 10612 13868 10187 5538 2920 5412 6036 5357 4091 2911 3543 4864 6118 5998 4920 3488 2469 1730 1226 891 1688 1852 2123 2123 1935 533 886 1404 2306 4285 8004 13300 12611 7555 4030 4925 5948 5885 4747 3557 
55 87 147 212 305 422 866 1873 5329 22187 45011 16250 2083 684 308 3476 3036 2460 1883 1436 1052 815 622 454 365 846 896 914 968 1031 112 127 226 311 454 747 1446 3571 11640 40474 91386 5738 1438 556 266 3776 3485 2903 2275 1799 1292 1018 724 597 434 867 978 1005 987 1045 90 114 173 209 361 625 1141 2218 6063 25066 51689 18850 2658 874 410 3784 3322 2633 2084 1505 1146 883 696 527 384 943 930 1022 1014 1043 89 132 146 261 375 721 1366 3493 11724 43054 95371 5188 1155 434 235 4026 3651 3097 2393 1824 1397 1035 765 600 512 854 994 1082 1069 1089 
585 760 1007 1219 1620 2090 2690 2958 3158 2974 1177 2119 3524 6458 9804 5663 66371 11662 2117 709 360 222 132 101 61 1335 1302 1193 994 915 700 964 1207 1589 2067 2526 3190 3277 3280 2832 1732 3013 5231 9211 11712 3271 20271 50662 5368 1496 660 352 171 132 100 1430 1392 1261 1241 1053 624 852 1064 1448 1931 2449 2910 3388 3510 3182 1446 2321 4075 7478 11375 7389 77667 14336 2863 1087 473 252 162 102 76 1463 1474 1324 1176 1089 729 1017 1235 1712 2191 2798 3287 3585 3543 3176 1864 3155 5638 9820 12357 3110 20197 52488 5106 1349 550 276 136 101 75 1560 1606 1437 1380 1188 
732 1104 1810 3072 5332 8614 10260 7569 4421 2562 3298 4058 4286 3819 3002 2592 3934 5118 6046 5610 4290 2975 1906 1306 877 1736 2050 2217 2149 1966 1013 1505 2387 4146 7411 10618 9822 6272 3638 2120 3919 4365 4198 3567 2715 2131 3196 4718 6048 6441 5160 3674 2459 1639 1183 1764 2106 2181 2259 2120 786 1202 1948 3379 5857 9495 10876 8271 4768 2708 3720 4310 4379 3963 3157 2755 4111 5481 6422 6028 4553 3109 2186 1393 1008 1987 2211 2347 2298 2098 1071 1683 2779 4737 8543 11889 10913 7137 3845 2409 4431 5007 4745 3929 3059 2525 3697 5402 6826 7149 5988 4168 2725 1907 1281 1986 2291 2530 2596 2463 
3875 5919 7187 6860 5159 3340 2127 1388 949 686 1401 1482 1590 1612 1581 584 881 1293 2071 3419 5448 8089 8487 6566 4197 5370 7294 7644 5764 3678 4703 6536 7208 5916 4204 2651 1682 1104 791 536 1390 1551 1561 1569 1416 501 747 1052 1632 2652 4421 6825 8552 7631 5129 4320 6497 7739 6814 4675 4182 6018 7546 7128 5282 3388 2239 1430 968 667 1480 1629 1710 1695 1630 622 939 1400 2122 3611 5961 8432 9184 6675 4453 5709 7531 7791 6095 3985 5327 7493 8446 6752 4615 2994 1923 1262 882 676 1652 1755 1818 1798 1652 557 815 1192 1795 3029 5043 7559 9930 8737 5946 4949 7158 8647 7631 5356 
30 55 89 110 166 337 576 1253 3880 22652 96600 8232 1459 485 215 3297 2921 2412 1837 1424 1144 796 643 460 355 811 907 953 956 999 63 95 140 200 317 524 1075 2614 9131 57491 42125 3652 1052 442 229 3337 3132 2677 2196 1626 1276 929 753 565 446 801 870 887 957 990 60 84 117 171 255 404 765 1629 4647 24664 105093 9991 1936 675 356 3535 3076 2508 1946 1509 1088 845 670 509 366 863 886 1011 1052 1023 56 81 114 155 249 437 896 2338 9339 62849 44114 3294 886 384 185 3700 3397 2985 2334 1826 1346 1021 815 651 467 832 937 1028 1047 1055 
440 578 770 1071 1543 2067 2773 3542 4238 4292 1604 3159 7373 15839 15071 14871 14753 7053 3208 1579 936 603 352 254 212 1093 1181 1137 1057 942 567 750 994 1317 1900 2629 3597 4345 4682 4338 2595 5455 12437 19569 11819 11662 18591 11468 5153 2449 1356 802 527 361 277 1196 1245 1225 1097 1091 497 652 898 1200 1668 2329 3289 4230 5051 4955 2012 3842 8675 18159 17541 17541 16954 8203 3685 1979 1117 720 457 278 220 1312 1246 1232 1231 1145 588 769 1088 1450 1978 2872 3941 4793 5299 4707 2742 5708 13346 21212 12553 13024 20260 12469 5519 2732 1363 814 539 367 240 1337 1349 1336 1249 1165 
3866 4393 4501 3709 2911 2130 1518 1077 748 542 1018 1144 1295 1314 1290 274 425 616 967 1688 3231 7174 14313 14975 7612 11155 11793 7377 3777 2078 4508 4831 4452 3570 2684 1832 1355 1015 694 542 1184 1305 1343 1352 1373 280 392 524 852 1295 2577 5203 11035 17918 12136 9365 13579 10289 5644 3073 4349 5171 5122 4330 3156 2267 1733 1227 913 624 1223 1241 1367 1524 1427 338 464 722 1159 1918 3772 7959 16356 17252 8653 12661 13452 8363 4285 2438 4823 5207 4803 3753 2868 1970 1427 1037 673 535 1211 1446 1443 1420 1433 235 348 527 907 1463 2665 5309 11891 19104 12565 10210 14412 11059 6009 3169 
2732 3727 4576 4681 4066 3168 2312 1587 1182 826 1257 1421 1589 1659 1733 472 675 1071 2033 3990 8587 15167 12678 6279 2952 5861 6052 4922 3545 2393 3381 4443 4970 4654 3834 2842 2075 1454 1082 779 1482 1641 1755 1751 1755 431 592 984 1724 3044 6448 12811 16436 9643 4546 5457 6556 5990 4579 3070 3087 4078 4964 5190 4611 3556 2514 1853 1232 902 1394 1584 1799 1945 1840 549 827 1307 2250 4540 9474 16966 14196 6662 3417 6424 6736 5557 3862 2630 3645 4720 5302 5042 4110 3015 2181 1500 1108 802 1510 1787 1948 1926 1923 408 615 986 1674 3097 6585 13845 17538 10192 4857 6032 6925 6501 4940 3298 
1816 2723 4186 5874 6985 5985 4288 2865 1763 1215 1936 2211 2347 2369 2158 1110 1781 2842 4631 7302 8608 7188 4727 2819 1687 3278 3591 3564 3140 2578 2363 3620 5326 7074 7248 5722 3770 2420 1605 1123 2137 2403 2485 2373 2170 943 1467 2425 3916 6281 8935 8896 6281 3884 2417 3038 3611 3983 3688 3061 2027 3143 4809 6618 7866 6759 4736 3238 2030 1337 2169 2507 2539 2555 2430 1258 1969 3207 5371 8198 9813 8101 5174 3236 1965 3611 4011 4116 3621 2908 2602 4086 5993 7902 7933 6035 4062 2671 1738 1213 2495 2669 2730 2580 2461 1040 1635 2649 4210 7074 10075 9780 6914 4254 2626 3358 4067 4449 4209 3422 
6507 8740 8110 5581 3374 2058 1230 861 635 428 1212 1222 1271 1262 1221 505 676 898 1372 2065 3223 4825 6422 6823 5563 5081 10069 14296 9959 4959 8194 9329 7323 4614 2659 1692 1057 759 530 355 1259 1338 1243 1280 1190 433 652 814 1145 1762 2777 4193 5987 7191 6436 3747 7489 13392 13480 7669 7302 9801 9070 6221 3815 2202 1326 979 619 453 1298 1311 1386 1427 1309 502 738 1079 1447 2339 3617 5430 7061 7458 6175 5586 10840 15419 10802 5640 8988 10293 7925 4862 2910 1861 1139 849 531 426 1456 1404 1417 1406 1307 469 629 890 1266 1965 2960 4478 6532 7871 7156 3979 8181 14431 14511 8236 
287 422 687 1136 2256 5328 13602 20635 9892 4042 5636 6125 5309 3766 2464 3053 3566 4135 3856 3205 2411 1823 1289 982 765 1345 1520 1612 1557 1578 435 570 1028 1850 3729 9240 21098 17033 6758 2917 6503 6230 4823 3205 2103 2837 3530 4220 4402 3789 3050 2356 1662 1141 884 1308 1511 1612 1715 1813 341 510 836 1384 2719 6092 15343 22926 11223 4592 6459 6909 5862 4095 2789 3328 4108 4574 4331 3594 2710 1920 1506 1116 868 1470 1596 1782 1762 1816 396 587 1024 1832 3914 9553 22106 18094 7016 3036 7093 6822 5070 3563 2280 2959 3873 4597 4750 4056 3210 2435 1776 1308 908 1413 1607 1797 1866 1846 
42105 11436 3087 1209 619 364 226 145 130 74 1007 973 934 881 796 411 566 712 969 1337 1754 2288 2728 3238 3470 401 800 2524 16272 52173 26768 6338 2161 990 546 359 230 147 119 76 1092 953 959 907 762 374 503 651 856 1144 1504 2014 2582 3216 3568 391 674 1744 6434 70552 47819 13304 3792 1639 794 501 301 205 145 106 1211 1072 1056 1002 945 482 642 847 1104 1476 1913 2444 3130 3759 4012 494 1068 3310 19410 59985 29802 6618 2221 996 559 309 215 143 94 87 1164 1167 1127 1040 924 463 572 717 987 1365 1750 2287 2977 3597 4127 288 584 1491 6120 79592 
2598 3291 3653 3804 3308 2630 2016 1488 1098 845 1139 1345 1484 1547 1628 267 398 618 1179 2572 7039 23108 22524 6706 2460 6739 5749 4152 2783 1798 3034 3442 3808 3724 2956 2387 1740 1246 972 725 1250 1488 1523 1591 1599 227 375 553 957 1870 4488 13158 31006 12789 4120 6694 6792 5164 3590 2278 2801 3637 3975 4039 3645 2954 2333 1676 1283 910 1292 1545 1668 1816 1812 331 490 763 1530 2916 7858 25926 24949 7731 2842 7623 6655 4735 3032 1975 3292 3937 4231 3928 3414 2623 1991 1440 1080 845 1408 1667 1809 1922 1886 240 332 547 945 1898 4589 14703 34922 13897 4386 7499 7536 5812 3903 2519 
363 507 754 1046 1512 2543 4083 6410 8542 7882 4776 10049 15717 11395 5580 6968 7513 6002 4046 2509 1634 1144 746 524 419 1190 1229 1298 1241 1210 422 599 895 1278 2014 3363 5399 8055 8953 6990 7288 13819 15363 8733 4166 6162 7713 7108 5066 3352 2133 1397 909 631 467 1225 1252 1338 1325 1230 383 526 742 1059 1731 2636 4442 6772 9067 8416 5100 10687 16768 12222 6041 7526 7804 6223 4227 2716 1790 1152 809 566 405 1268 1357 1313 1293 1226 455 655 973 1353 2124 3593 5679 8475 9355 7415 7503 14805 16192 8932 4186 6669 8126 7423 5352 3581 2232 1434 1023 726 473 1296 1271 1311 1331 1312 
2432 4283 7243 9768 8567 5328 3181 1897 1037 743 1741 1939 1841 1844 1601 889 1350 1938 2940 4389 5749 6146 5220 3625 2514 3308 4427 4862 4657 3726 3542 6136 9383 10406 7564 4383 2571 1467 1011 668 1907 2059 1986 1865 1646 843 1186 1685 2584 3862 5407 6507 6155 4842 3332 2995 4041 4970 5209 4459 2663 4765 8151 10846 9696 5995 3442 2080 1372 800 1892 2074 2110 1956 1777 1016 1502 2301 3308 4899 6449 6885 5760 4206 2790 3663 4808 5475 5295 4122 3767 6607 10408 11559 8317 4813 2747 1640 1077 691 2098 2240 2186 2034 1836 844 1265 1950 2949 4393 6112 7142 6860 5392 3631 3395 4493 5680 5788 4893 
11222 16737 10474 4653 2274 1247 724 457 324 260 1184 1170 1147 1050 1023 480 683 937 1202 1727 2431 3210 4076 4471 4234 2354 5070 11867 18357 10542 16637 15829 7546 3611 1741 1079 665 451 333 227 1293 1217 1231 1140 1078 469 646 813 1154 1550 2139 3010 3933 4741 4997 1882 3786 8577 18162 16839 12199 18169 11186 5106 2505 1413 859 564 361 239 1256 1238 1179 1162 1113 560 719 922 1336 1906 2645 3554 4567 4905 4615 2563 5612 13002 20246 11545 17390 16820 8173 3654 1953 1101 693 403 312 211 1298 1313 1251 1196 1153 474 667 888 1209 1749 2348 3414 4313 5085 5109 1966 3806 9031 19278 17956 
3252 2927 2648 2108 1541 1212 899 727 531 464 779 847 853 954 959 39 70 93 139 223 414 797 2091 8196 60531 35140 3076 816 378 176 3411 2991 2459 1989 1542 1112 852 621 531 421 837 919 990 1003 1046 63 71 103 144 201 382 757 1563 4416 25382 104755 9298 1853 666 304 3588 3324 2958 2248 1742 1326 1003 796 601 492 851 943 959 1025 1038 48 81 141 211 288 532 1079 2584 9667 67980 40124 3959 1081 480 264 3639 3242 2660 2087 1637 1217 892 678 555 372 907 972 1113 1093 1113 44 55 65 119 161 278 577 1309 4093 26125 109778 8860 1696 601 278 
4348 4657 4079 3156 2253 1756 1226 909 595 481 913 1093 1093 1119 1142 214 294 425 675 1137 2013 3999 8950 16668 13216 18429 20363 7883 3115 1380 4594 4532 3650 2764 2046 1407 1035 785 600 427 1031 1095 1228 1089 1120 224 307 403 561 986 1560 2946 6259 13477 17165 11984 24475 13803 5202 2277 4845 5036 4387 3356 2558 1793 1276 943 665 555 979 1180 1210 1265 1233 264 352 498 764 1334 2329 4472 10178 18291 14757 20471 22749 8748 3568 1727 5381 5080 4200 3074 2346 1581 1165 812 692 466 1174 1283 1298 1365 1249 215 274 405 635 966 1751 3215 7020 14837 19114 13250 27496 14940 5531 2448 
325 427 586 896 1327 2019 3499 5548 7873 8122 4172 10494 20643 13681 5561 7386 7090 5311 3441 2142 1421 938 665 480 377 1168 1219 1138 1138 1086 367 547 789 1120 1737 2710 4549 7066 8578 7492 6871 16722 19947 9114 3895 6883 7832 6320 4406 2787 1829 1210 827 554 413 1073 1154 1266 1188 1217 342 516 685 1020 1522 2326 3768 5976 8435 8824 4663 11471 22252 15029 6169 7983 7645 5685 3659 2354 1536 1009 722 533 372 1144 1280 1273 1293 1181 405 637 876 1270 1970 3080 5184 7891 9817 8515 7637 18700 22548 10146 4188 8061 8824 7473 4960 3171 2015 1317 886 627 528 1242 1402 1364 1344 1360 
