3814 3620 2906 2254 1607 1228 904 697 553 428 801 863 924 979 944 121 170 203 310 477 848 1712 3948 11428 27531 87595 8678 1663 624 304 3997 3571 2783 2132 1612 1223 901 680 489 387 875 908 996 1033 1101 125 145 219 298 480 815 1401 2706 7067 21805 23568 39730 4154 1363 541 4372 3952 3364 2558 1989 1530 1065 789 590 465 895 979 1011 1098 1114 139 203 253 381 637 1110 2058 4566 13353 31648 101324 10715 2275 879 407 4417 3888 3179 2352 1728 1290 991 723 567 433 1000 1088 1165 1215 1125 109 146 230 280 455 727 1429 2945 7562 23810 24274 42336 3787 1069 458 
118 141 234 265 482 811 1399 3159 7782 20482 17443 45502 5854 1619 668 4014 3582 2766 1991 1547 1119 836 584 438 355 869 953 985 964 951 165 229 277 435 703 1205 2293 5078 13955 25155 54844 16562 3345 1274 602 4118 3888 3302 2495 1763 1314 990 717 525 470 834 894 1007 1053 1060 141 199 255 390 590 991 1776 3620 9040 23430 20691 54066 7305 2177 919 4536 3888 3119 2351 1726 1297 968 742 542 424 1001 1087 1144 1149 1127 124 172 295 402 682 1207 2271 5357 14983 26645 59558 16911 3239 1077 482 4517 4275 3484 2884 2016 1463 1115 835 666 453 936 1010 1126 1172 1113 
1454 2082 2831 3904 4593 4364 3726 2847 2052 1386 1697 2082 2435 2599 2561 952 1627 3185 6730 13518 14286 7498 3500 1820 1017 3105 3034 2879 2356 1830 1884 2669 3650 4543 4804 4396 3617 2533 1868 1306 2033 2369 2603 2827 2707 884 1393 2505 5002 10698 16653 11748 5497 2609 1387 3157 3234 3226 2654 2274 1714 2337 3267 4317 5019 4988 4192 3125 2319 1599 1933 2300 2736 2860 2830 1108 1989 3694 7609 15270 16123 8545 4113 2061 1169 3440 3473 3193 2624 2122 2158 2974 3905 5033 5419 4916 3892 2786 1958 1513 2318 2556 2969 3111 2925 887 1466 2486 5521 11778 18674 12927 5908 3027 1578 3508 3646 3556 3091 2460 
1953 2611 3291 3909 3773 3280 2582 2023 1518 1119 1385 1595 1792 2065 2011 413 720 1253 2726 7019 20752 19832 6862 2688 1216 4359 4129 3400 2585 1853 2393 3084 3792 3997 3742 3112 2480 1838 1334 999 1557 1701 1995 2072 2131 409 673 1036 2094 4687 13209 26835 12749 4496 2044 4483 4517 3973 3032 2332 2135 2870 3539 4083 4141 3720 2871 2235 1678 1168 1479 1724 2014 2220 2279 519 903 1564 3209 7864 22719 22064 7883 3070 1462 4731 4615 3765 2721 2038 2732 3472 4276 4502 4265 3566 2708 1986 1438 1074 1722 1980 2272 2338 2401 370 619 1099 2082 4988 14557 30160 14052 4844 2081 4870 4999 4491 3404 2557 
307 504 867 1843 4770 16565 29630 9069 2983 1302 3959 3907 3390 2698 1999 2098 2708 3299 3645 3408 3030 2326 1827 1311 1039 1437 1807 1948 2157 2116 486 775 1544 3234 9474 30752 18751 5628 2239 1058 4113 3953 3156 2435 1789 1918 2389 3168 3730 3842 3424 2838 2187 1640 1209 1427 1654 1955 2215 2213 415 663 1175 2238 5809 19621 34796 10953 3757 1631 4533 4539 4052 3107 2257 2454 3214 3844 4209 4007 3428 2766 2101 1525 1185 1744 2068 2293 2393 2481 439 758 1428 3304 10086 33869 20504 5845 2268 1067 4766 4346 3635 2715 1967 2117 2840 3662 4118 4163 3833 3087 2411 1776 1324 1638 1982 2279 2386 2540 
393 512 691 906 1220 1605 2238 2858 3587 3900 729 1597 4001 16071 35826 23750 10298 3723 1616 923 514 332 231 181 122 1077 1061 959 921 903 435 603 802 1102 1449 2062 2699 3584 4022 4253 1346 2856 8443 33963 21085 23157 18502 6568 2832 1310 777 484 351 227 167 1135 1114 990 1040 946 417 585 741 1048 1372 1830 2513 3180 3971 4259 1021 1884 4914 18014 40199 27237 11495 4491 1972 1102 632 401 291 197 134 1185 1144 1139 992 944 550 632 880 1229 1636 2206 2870 3722 4271 4456 1236 2639 8513 35984 22013 24913 19864 6774 2751 1365 752 446 300 234 163 1219 1190 1142 1096 1029 
529 758 1034 1499 2212 3258 4676 5824 5878 4505 3152 5107 7704 8395 6458 6127 9466 9699 6507 3691 2121 1255 819 581 377 1426 1454 1374 1360 1226 678 913 1234 1875 2896 4229 5593 6214 5441 3981 4244 6645 8728 7740 5291 4829 8202 10536 8481 5137 2866 1747 1083 700 493 1423 1520 1434 1417 1324 606 799 1138 1618 2504 3761 5325 6465 6373 5027 3536 5866 8614 9276 7057 7036 10607 10848 7206 4090 2390 1524 964 627 458 1562 1634 1520 1527 1422 683 968 1513 2071 3257 4803 6264 7091 6194 4496 4734 7818 9974 9147 6078 5504 9363 12127 9635 5670 3226 1999 1212 817 571 1613 1725 1744 1650 1597 
392 511 686 900 1265 1713 2333 3172 3858 4218 889 1860 4849 17969 32437 23282 11544 4297 1898 1024 605 366 250 163 122 1090 1104 1026 962 857 495 654 879 1189 1597 2073 2881 3698 4258 4248 1486 3331 9982 34170 19369 21802 19629 7423 3115 1494 895 505 370 242 185 1110 1091 1146 1029 982 407 497 748 955 1348 1812 2425 3362 3893 4436 1127 2243 5459 19498 35014 25266 12252 4710 2256 1218 689 426 309 207 147 1095 1125 1095 1005 918 497 690 923 1303 1692 2426 3173 4081 4601 4747 1478 3285 10231 36620 20561 23590 20966 7989 3286 1520 877 552 357 243 143 1206 1236 1282 1187 1086 
176 244 392 623 1005 1900 4016 9508 19242 13862 10484 14378 9606 4688 2458 4101 4369 3802 3099 2205 1678 1234 885 665 504 1064 1177 1239 1253 1244 265 363 564 871 1470 2937 6341 15170 19447 9409 13649 12947 6948 3470 1971 3778 4453 4184 3544 2684 2059 1480 1050 780 547 1061 1107 1188 1331 1292 253 330 447 731 1229 2163 4413 10397 20930 15470 11647 15382 10288 5077 2611 4499 4647 4125 3423 2399 1679 1230 915 719 540 1134 1261 1284 1270 1297 281 372 584 969 1604 3254 7272 17536 23028 11004 16099 15290 8071 4134 2087 4538 5062 5090 4189 3111 2360 1672 1205 861 640 1226 1293 1400 1531 1464 
786 1824 6150 36795 21028 4057 1399 629 349 204 1941 1951 1891 1585 1262 1078 1317 1868 2333 2795 3279 3338 3157 2504 2043 1910 2692 3614 4493 4678 1474 3740 15961 51187 9544 2736 1168 544 341 203 2170 2002 1849 1523 1260 945 1190 1801 2131 2743 3306 3552 3369 3011 2388 1630 2342 3366 4242 4889 1074 2337 7328 40682 23637 4990 1785 886 442 283 2220 2109 1946 1752 1451 1212 1512 1980 2634 3146 3644 3569 3459 2794 2122 2129 3002 3950 4950 5238 1306 3602 16214 54113 9642 2512 1027 504 264 194 2246 2143 1970 1667 1429 1024 1344 1886 2416 2963 3427 3802 3673 3082 2476 1846 2577 3443 4541 5229 
606 1348 4885 38869 21977 3366 1098 481 241 150 1967 2022 1801 1525 1336 1168 1421 1880 2397 2881 3140 3215 2924 2491 1903 1844 2584 3535 4289 4675 1087 2906 13050 66776 8430 2247 952 470 274 154 2084 1937 1730 1504 1179 927 1193 1633 2103 2608 3031 3285 3240 2790 2319 1587 2267 3061 4004 4743 810 1733 5696 43186 24762 4155 1405 690 370 201 2174 2164 1959 1811 1411 1135 1522 1971 2427 3089 3508 3441 3129 2610 2036 1973 2814 3738 4842 4942 898 2651 13310 73054 8542 1983 817 416 214 146 2340 2104 1858 1640 1352 1109 1389 1801 2413 2804 3479 3817 3465 3144 2521 1753 2395 3398 4608 5217 
1545 2665 4609 8083 10865 8897 5036 2807 1604 1112 2193 2439 2536 2229 2039 1382 1893 2810 4154 5218 5923 5113 3877 2728 1799 2733 3148 3690 3546 3123 2252 3809 6722 10606 10926 7308 4236 2410 1361 925 2517 2524 2538 2266 1852 1082 1623 2445 3667 5005 6035 6116 4766 3343 2297 2552 3191 3711 3855 3497 1773 2939 5231 8907 12142 9702 5924 3230 1912 1206 2394 2524 2644 2479 2180 1411 1953 3077 4406 5898 6483 5577 4216 2910 1889 2911 3543 3975 3870 3388 2322 4322 7234 11938 12315 8106 4663 2599 1578 945 2751 2943 2781 2570 2169 1304 1829 2660 4076 5571 6897 6690 5385 3698 2597 2761 3545 4219 4310 4026 
7722 19067 17983 7259 2862 1399 841 468 304 227 1314 1279 1273 1209 1084 621 830 1057 1478 2139 2714 3567 4189 4055 3678 2403 4311 8573 12714 10489 12882 22475 11884 4705 2206 1180 675 482 310 237 1269 1298 1271 1106 1103 568 741 978 1351 1723 2395 3208 3914 4251 3938 1894 3325 6245 11093 12526 8612 20907 19516 8030 3337 1625 978 621 402 262 1405 1435 1360 1373 1175 677 919 1184 1606 2249 3052 3800 4401 4500 3982 2565 4925 9236 13642 11323 14535 25283 13199 5228 2308 1203 759 431 292 209 1470 1450 1422 1353 1251 591 802 1062 1509 2095 2721 3641 4374 4697 4509 1992 3649 7198 12690 14152 
584 902 1550 2612 5030 8868 11856 9107 5024 2651 3698 4331 4317 3737 2785 2670 3732 4967 5334 4864 3730 2579 1754 1227 878 1677 1829 1922 2060 1978 814 1277 2247 4000 7172 11909 11971 7306 3949 2179 4232 4724 4429 3498 2620 2392 3427 4692 5804 5722 4519 3429 2312 1588 1104 1712 1911 2115 2193 2120 679 1092 1702 3090 5514 10180 13740 10242 5645 3104 4191 4799 4874 4144 3325 2938 4201 5598 6040 5595 4210 2963 1963 1433 996 1861 2181 2309 2216 2144 875 1319 2186 3980 7393 12241 12284 7660 4063 2334 4587 4969 4685 3731 2778 2523 3507 4873 6024 5946 4774 3512 2328 1619 1190 1748 2088 2248 2319 2232 
3032 2887 2661 2193 1702 1272 974 830 592 415 797 936 852 1040 1051 33 45 77 119 188 335 737 2203 14487 53896 24234 5279 1779 833 416 3243 3015 2587 2063 1637 1223 879 686 528 419 862 1012 1058 1073 1087 35 44 82 112 187 313 660 1561 6001 70431 45269 12091 3442 1386 714 3308 3263 2920 2306 1949 1505 1123 849 626 491 888 953 1027 1065 1164 49 57 96 167 238 487 1023 2955 17272 60017 27595 6232 2226 1054 558 3368 3223 2744 2200 1722 1295 954 785 563 463 1007 1005 1070 1138 1169 45 37 54 96 159 261 558 1324 5403 71976 46782 12365 3296 1281 642 
20867 19735 7173 2837 1331 753 480 302 219 122 1097 1084 1070 1034 946 443 610 859 1047 1532 2010 2740 3462 4030 4024 1264 2905 8561 29145 18961 26023 12790 4638 2090 1107 656 412 279 198 144 1149 1051 1115 1044 981 419 553 717 1058 1303 1836 2601 3141 3823 4249 1045 2134 5230 17617 32789 22917 21598 7919 3244 1639 881 551 356 304 168 1209 1218 1226 1038 1037 502 695 904 1171 1647 2138 3057 3757 4487 4462 1476 3493 9803 32437 21138 28275 13682 4757 2184 1086 632 396 248 211 152 1191 1285 1204 1051 1038 466 554 816 1046 1482 2036 2685 3614 4331 4562 1049 2041 5350 18793 35359 
601 804 1162 1583 2273 3303 4297 5032 4811 3847 2657 4124 6244 8098 7240 6356 11682 13471 8007 3859 2072 1186 733 510 351 1517 1484 1447 1371 1220 703 1059 1381 1940 2862 3916 4991 5251 4631 3572 3404 5634 7752 8380 6298 4749 9410 14142 11554 5958 3024 1763 1019 625 454 1507 1573 1547 1449 1406 630 865 1201 1683 2427 3542 4485 5393 5235 4218 2813 4527 6992 8772 7663 6878 12855 14327 8502 4386 2326 1302 834 577 399 1564 1616 1610 1445 1359 848 1122 1511 2268 3150 4448 5390 5919 5164 3933 3804 6076 8531 9073 7113 5020 10173 15667 12473 6525 3285 1727 1059 642 438 1694 1675 1644 1619 1451 
2182 2891 3477 3895 3791 3248 2574 1922 1413 1063 1334 1538 1756 1952 1952 393 671 1143 2202 5640 16725 24087 8920 3303 1530 4895 4576 3776 2677 1922 2618 3355 3914 4159 3729 3200 2366 1808 1289 916 1549 1791 2000 2071 2058 327 554 1020 1863 4076 10496 26439 16808 5918 2563 5021 5121 4486 3446 2445 2228 2960 3632 4209 4011 3416 2641 1951 1512 1097 1384 1637 1943 1992 2070 461 768 1350 2556 6214 18017 25214 9743 3731 1723 5095 4726 3744 2821 2007 2780 3626 4080 4412 3916 3134 2453 1803 1340 1003 1608 1823 1981 2129 2134 346 579 943 1766 3863 10868 27645 17304 5927 2369 5209 5373 4565 3505 2615 
2754 3068 2993 2690 2378 1903 1468 1123 867 669 942 1070 1193 1276 1327 55 75 136 242 439 1111 3651 34113 23037 2998 10468 6637 3581 1996 1206 3183 3160 3159 2691 2181 1711 1278 1063 787 568 1103 1156 1269 1349 1403 65 77 162 245 410 849 2236 10381 86557 8166 12316 9102 5169 2857 1567 3119 3371 3417 3127 2615 2059 1613 1246 934 705 1056 1231 1262 1431 1462 70 129 177 342 653 1372 4507 39682 26875 3881 12023 7298 3962 2270 1354 3333 3619 3547 2995 2354 1919 1443 1109 830 634 1150 1246 1359 1397 1572 56 74 123 196 364 763 2107 10176 91670 7732 13196 9927 5625 2954 1706 
3710 3425 2854 2203 1608 1205 809 660 544 407 788 840 932 978 960 107 134 190 304 419 805 1489 3453 10279 27672 115306 6139 1118 428 197 3815 3450 2694 1959 1512 1095 818 620 482 390 851 926 1013 1029 1052 141 143 202 301 496 700 1249 2669 6263 19880 21672 32100 2804 830 311 4171 3906 3304 2508 1962 1366 1042 797 609 485 871 993 998 1108 1089 140 191 247 398 589 968 1890 4170 12116 32035 134353 7694 1594 529 239 4133 3627 3042 2194 1669 1174 909 707 543 398 996 1013 1097 1099 1111 83 134 192 263 422 698 1236 2562 6859 21952 22499 33641 2597 742 286 
2663 4944 9081 12637 9792 5339 2807 1653 985 641 1741 1807 1896 1798 1524 919 1308 1907 2835 3911 5055 5500 4867 3790 2590 3209 4277 5348 5148 4448 3558 6771 11744 12127 7747 4009 2170 1278 790 539 1906 1945 1827 1676 1523 839 1157 1638 2288 3308 4480 5528 5467 4300 3108 2682 3865 4910 5474 5009 2846 5234 9775 13543 10457 5739 3094 1799 1147 676 1935 1960 2004 1898 1660 993 1426 1984 2927 4304 5179 5913 5184 4019 2803 3376 4578 5616 5673 4673 4033 7740 13284 13928 8430 4536 2494 1390 892 613 2038 2213 2133 2019 1717 955 1311 1827 2686 3921 5123 6254 6229 5004 3601 3234 4423 5748 6307 5741 
289 385 581 804 1203 1929 3151 5177 7818 8841 4369 12216 24367 12137 4386 6774 6376 4651 3181 2001 1281 893 677 467 338 1040 1139 1167 1156 1069 373 506 692 1021 1558 2526 4274 6776 9009 8347 7650 20607 20487 7601 3092 6705 7102 5668 3870 2491 1704 1097 772 552 429 1006 1135 1104 1174 1115 307 453 614 881 1315 2124 3467 5758 8530 9695 5111 13422 26601 13576 5076 7436 6971 5051 3346 2171 1464 981 702 490 394 1199 1239 1227 1223 1161 392 530 800 1137 1727 2845 4753 7577 10351 9605 8354 23211 22911 8397 3444 7604 8007 6373 4473 2849 1898 1291 908 645 470 1256 1256 1286 1278 1361 
818 1009 1370 1749 2209 2782 3045 3044 2861 2314 1509 2228 3191 4552 5541 1222 4426 43027 18664 2768 919 404 240 139 96 1726 1646 1502 1222 1130 987 1226 1673 2116 2651 3168 3360 3279 2788 2246 1922 2884 4196 5579 6294 997 2771 13470 72269 7526 2012 818 415 207 143 1836 1783 1725 1496 1252 913 1184 1485 1898 2451 3040 3349 3348 3108 2652 1758 2536 3620 4924 6199 1690 5719 48970 21804 3614 1267 596 308 186 119 1895 1839 1601 1430 1192 1047 1329 1864 2265 2848 3367 3649 3467 3051 2501 2117 2984 4456 6012 6652 842 2493 13313 76267 6985 1770 697 329 176 105 1938 1948 1782 1599 1328 
1373 2193 3688 6020 8375 8205 5833 3417 2141 1330 2261 2534 2685 2498 2137 1424 2174 3193 4861 6324 6622 5078 3371 2240 1393 2487 2940 3129 2911 2619 1972 3130 5149 8090 9788 7889 4998 2953 1840 1158 2653 2844 2890 2573 2263 1331 1917 2947 4538 6609 7409 6635 4705 3092 2057 2574 3155 3510 3439 3082 1566 2498 4245 6721 9390 9197 6401 3979 2382 1515 2433 2716 2897 2761 2529 1610 2369 3711 5487 7138 7120 5635 3841 2527 1709 2826 3355 3399 3281 2889 2031 3226 5352 8467 10063 8087 5134 3001 1917 1178 2680 3060 3010 2730 2333 1287 2039 3102 4666 6691 7695 6794 4825 3197 2029 2675 3188 3503 3583 3270 
6990 15502 15851 7378 3172 1610 916 577 376 249 1268 1260 1253 1139 1088 617 761 1102 1502 2048 2875 3615 4185 4215 3665 2594 4734 8553 11499 8876 11633 19029 12337 5347 2445 1414 839 477 342 252 1306 1279 1314 1222 1099 525 710 980 1275 1824 2592 3296 4302 4586 4147 2120 3765 6921 11290 11588 8040 17343 18106 8546 3854 1862 1052 694 454 298 1421 1436 1450 1385 1186 676 912 1228 1606 2213 3180 4128 4733 4781 3969 2882 5359 9731 13030 9988 12408 20711 13022 5605 2692 1416 821 523 368 230 1488 1442 1435 1274 1190 622 796 1055 1458 1947 2869 3636 4606 4919 4623 2242 4092 7399 12231 12381 
1295 2558 6289 15953 19505 8501 3377 1573 868 539 2063 2173 1980 1904 1618 1092 1568 2118 2874 3634 4165 3986 3464 2627 1935 2341 2954 3829 4282 4045 2099 4249 10743 21797 13993 5537 2548 1295 753 498 2167 2102 2068 1728 1415 955 1370 1933 2511 3282 4126 4235 3873 3170 2376 1984 2705 3593 4315 4384 1693 3117 7373 18329 22219 9683 3981 1960 1127 657 2350 2441 2343 2090 1780 1271 1789 2410 3322 4261 4621 4663 3988 2915 2194 2583 3453 4234 4835 4491 2113 4575 11700 23882 15521 5953 2611 1328 753 473 2469 2357 2216 1950 1637 1074 1526 2058 2891 3799 4434 4739 4306 3633 2548 2220 3017 3907 4666 4710 
39 39 78 80 164 284 521 1354 5014 52834 49343 11444 2936 1106 571 3218 3010 2440 1954 1505 1225 928 688 530 452 847 943 1062 1020 1081 48 66 103 164 266 502 1031 3058 14866 62453 29059 5810 2022 953 521 3219 3085 2740 2221 1785 1347 986 776 588 437 811 870 907 989 1005 32 66 107 140 221 360 790 1670 6242 58884 53294 12931 3497 1466 684 3415 3168 2720 2142 1603 1192 1030 749 521 485 989 992 1051 1152 1130 44 49 96 143 224 409 863 2646 15643 68960 31490 5976 1929 854 442 3630 3482 3053 2460 1935 1534 1157 805 647 505 857 994 1009 1123 1167 
2728 4177 5758 6556 5770 4218 2735 1855 1170 791 1488 1748 1757 1835 1721 748 1038 1644 2852 4819 7759 9493 7539 4664 2812 4466 5303 5310 4208 3107 3624 5097 6727 6704 5279 3702 2363 1623 1117 737 1689 1846 1880 1849 1791 640 971 1503 2264 3982 6479 9485 9352 6466 3716 4091 5174 5724 4989 3943 2931 4350 6136 6986 6210 4556 3052 1963 1328 946 1587 1814 1958 1934 1898 739 1167 1890 3120 5155 8312 9992 8241 4991 3054 4714 5694 5535 4587 3386 3942 5849 7230 7440 5816 3934 2619 1689 1162 838 1855 2013 2153 2088 1925 714 1037 1536 2511 4294 7255 10453 10287 7018 4183 4449 5699 6169 5625 4218 
476 649 1003 1552 2733 4624 8032 10193 8380 5005 4617 6373 6894 5519 3796 3868 5387 5858 5177 3917 2665 1798 1103 824 608 1375 1458 1625 1558 1484 607 866 1309 2231 3879 6750 10356 10558 6974 3949 5980 7303 6688 4855 3177 3493 4864 5967 6046 4854 3468 2227 1546 1069 769 1391 1528 1683 1716 1613 544 745 1134 1805 3024 5373 8948 11637 9238 5449 5278 7017 7684 6164 4186 4397 5895 6590 5810 4185 3000 1992 1333 939 671 1590 1682 1695 1824 1662 588 957 1440 2306 4033 7268 11041 11365 7464 4243 6487 7834 7188 5358 3538 3790 5406 6447 6652 5304 3610 2526 1638 1127 836 1582 1657 1787 1862 1713 
998 1632 2517 4281 6872 8861 7894 5050 3081 1910 2696 3167 3320 3034 2659 1953 2952 4518 6214 6794 5596 3951 2542 1692 1070 2186 2410 2493 2479 2271 1299 1996 3327 5710 8291 9150 6808 4141 2395 1504 3025 3294 3419 3119 2415 1691 2471 3764 5606 6908 6542 4961 3179 2212 1364 2098 2373 2588 2627 2381 1125 1831 2791 4751 7583 9713 8617 5630 3444 2046 3033 3527 3671 3338 3027 2180 3297 5010 6708 7500 6176 4329 2758 1885 1189 2357 2670 2781 2709 2431 1590 2391 3850 6671 9789 10518 7863 4765 2790 1751 3535 3905 3843 3456 2866 1928 2860 4484 6473 7931 7527 5728 3920 2405 1629 2461 2790 3105 3051 2707 
4252 10891 21906 13819 5196 2380 1208 660 459 293 1517 1528 1575 1356 1197 729 988 1326 1932 2600 3349 4070 4241 3910 3226 2612 4279 6753 8540 7537 6917 16935 20262 8764 3661 1807 1016 610 410 275 1532 1526 1446 1321 1182 621 835 1146 1725 2276 2980 3637 4219 4203 3572 2144 3282 5565 7743 8250 4667 11526 23341 14873 5859 2663 1434 827 524 346 1579 1629 1569 1486 1383 820 1087 1485 1982 2725 3485 4333 4530 4061 3368 2815 4617 7029 9032 8115 7230 18095 21660 9266 3807 1811 995 564 356 241 1679 1679 1594 1467 1333 726 966 1333 1732 2406 3202 3969 4564 4600 3746 2339 3726 5865 8539 8999 
814 1017 1505 2043 2880 3766 4448 4531 3941 3003 2239 3294 4434 5392 5268 3436 7683 15013 14425 7012 3119 1673 930 588 387 1780 1840 1737 1594 1383 961 1267 1738 2496 3367 4296 4770 4401 3455 2587 2862 4125 5203 5732 5041 2588 5381 11612 17376 10986 5003 2404 1410 840 527 1763 1892 1819 1682 1471 801 1132 1627 2317 3201 4183 4801 4880 4173 3237 2513 3587 4971 5875 5882 3914 8373 16831 15931 7820 3611 1988 1141 707 475 1938 1964 1784 1630 1441 1078 1465 2114 2841 3791 5018 5432 5074 4078 2958 3173 4626 5947 6584 5784 2913 6118 13152 19615 12241 5502 2698 1401 910 542 2090 2088 2088 1912 1668 
2976 3402 3289 3042 2499 1913 1467 1121 857 639 938 1052 1183 1290 1279 110 193 276 461 972 2068 6373 29766 22266 5005 10866 7709 4300 2424 1383 3359 3573 3468 2885 2352 1785 1311 981 743 610 1084 1235 1311 1434 1363 134 201 309 483 751 1590 4026 14962 42953 11123 11570 10496 6301 3447 1993 3194 3692 3778 3403 2789 2169 1531 1222 1012 714 1051 1243 1324 1402 1363 159 259 358 639 1171 2588 7671 34096 25233 5885 12118 8541 4802 2667 1598 3754 4064 3909 3275 2664 2022 1559 1120 863 620 1204 1367 1472 1518 1555 121 149 263 408 774 1573 4080 16076 47125 11672 12791 11672 6856 3777 2075 
113 182 448 1105 4858 85419 8349 1466 536 262 3209 2913 2520 2026 1515 1693 2070 2480 2829 2819 2657 2383 1964 1408 1117 1439 1788 2122 2366 2399 211 407 906 2687 18895 45291 4049 1140 493 245 3387 2938 2506 1861 1498 1506 1971 2446 2912 3083 3031 2826 2339 1844 1370 1378 1647 2095 2439 2638 143 262 620 1511 6401 100960 10935 2024 707 355 3544 3385 2973 2348 1747 1954 2323 2827 3432 3401 3159 2748 2259 1631 1325 1584 1947 2421 2742 2977 170 310 744 2326 18673 47381 3522 945 384 205 3614 3273 2707 2083 1609 1643 2133 2635 3117 3555 3487 3042 2613 2060 1574 1501 1891 2248 2741 2882 
300 426 620 902 1314 2075 3381 5498 8193 8502 4483 11237 21218 12869 5088 7138 6782 5078 3158 2101 1364 917 685 488 351 1095 1196 1166 1050 1037 405 539 727 1133 1716 2708 4492 7189 9330 8198 7718 18462 19929 8468 3548 6889 7548 6330 4238 2824 1848 1225 814 574 427 1096 1266 1235 1210 1191 338 497 650 904 1441 2281 3795 6124 8825 9454 5048 12477 23704 14387 5691 7827 7608 5574 3626 2352 1580 1077 715 573 391 1176 1200 1224 1239 1187 449 584 787 1212 1875 2996 4928 7592 9777 8604 7899 19648 21529 8915 3743 7326 8085 6683 4531 2910 1925 1310 896 638 437 1200 1299 1312 1356 1312 
524 877 1536 2825 5540 11360 14700 9131 4391 2297 3780 4149 3999 3293 2525 2496 3447 4326 4791 4669 3766 2722 1895 1375 918 1688 1957 2082 2212 2083 816 1339 2228 4377 9155 15474 13685 7202 3533 1843 4339 4474 4030 3341 2501 2301 3087 4077 5123 5238 4699 3522 2412 1768 1272 1666 1995 2303 2396 2308 726 1034 1688 3256 6470 12738 16715 10348 5088 2583 4224 4676 4473 3783 2806 2716 3697 4715 5321 4998 4095 3117 2239 1492 1079 1899 2204 2365 2422 2343 810 1366 2397 4580 9633 16792 14403 7503 3618 1922 4641 4824 4302 3526 2522 2335 3364 4470 5464 5665 4922 3653 2723 1889 1320 1828 2066 2369 2588 2452 
5664 8840 9795 6981 4266 2368 1518 893 621 459 1293 1299 1348 1243 1224 548 755 1108 1684 2427 3729 5205 6208 5768 4455 4236 7689 10354 8892 5389 7545 10519 9178 5843 3504 1958 1248 865 557 415 1440 1427 1458 1340 1331 494 679 998 1404 2112 3167 4538 6117 6457 5637 3486 6025 9743 10588 7656 6158 9908 10740 7913 4605 2715 1624 1046 718 492 1385 1457 1481 1530 1370 619 876 1233 1832 2712 4065 5627 6850 6486 4952 4742 8399 11248 9864 6121 8229 11615 10082 6382 3626 2205 1342 886 606 434 1561 1602 1530 1467 1355 539 794 1091 1565 2236 3560 5071 6630 7111 5953 3740 6598 10552 11687 8176 
403 592 814 1138 1621 2475 3764 5139 6373 5929 3188 6382 12070 13541 7825 8674 9871 7148 4372 2462 1490 910 614 465 352 1195 1278 1252 1239 1110 533 678 990 1392 2089 3267 4736 6112 6487 5353 4607 9691 14924 11536 5997 7496 10011 9068 5993 3451 2067 1264 851 632 405 1261 1350 1343 1267 1213 497 647 908 1222 1792 2867 4116 5720 6874 6415 3518 7217 13345 15007 8872 9518 10890 7930 4776 2735 1684 1109 747 543 339 1289 1375 1391 1289 1211 499 793 1098 1462 2195 3371 5127 6724 7113 5924 5052 10205 16020 12572 6438 7911 11057 10003 6505 3667 2175 1377 879 614 433 1288 1411 1482 1355 1356 
8877 17405 13963 6151 2737 1445 863 522 296 214 1261 1328 1291 1128 1002 557 777 1047 1380 1925 2675 3596 4190 4354 3948 2632 4884 9969 14329 10273 13765 18476 9855 4373 2141 1189 733 499 306 237 1319 1320 1226 1118 1046 468 642 911 1222 1749 2369 3208 4110 4568 4322 1981 3653 7386 13407 13296 9694 19214 15296 6846 3270 1672 965 634 450 277 1279 1293 1350 1291 1186 652 816 1164 1552 2150 3023 3901 4735 4777 4392 2889 5504 10788 15506 11004 14960 20120 10565 4664 2125 1231 705 442 309 236 1359 1400 1421 1253 1157 537 697 1000 1386 1832 2647 3506 4397 5003 4826 2065 3977 8079 14571 14551 
450 777 1392 3168 8951 26663 18322 5689 2162 1045 3550 3451 3126 2517 2008 1931 2524 3230 3639 3832 3491 2839 2096 1579 1149 1680 2043 2335 2543 2444 625 1202 2276 5534 17037 29426 10501 3786 1741 886 3719 3545 2968 2325 1789 1714 2368 3011 3674 4016 3799 3188 2487 1871 1404 1578 1962 2236 2494 2698 543 914 1640 3617 9828 28973 19971 6263 2531 1245 3668 3730 3307 2631 2232 2077 2788 3379 4033 4199 3735 3110 2377 1712 1236 1804 2105 2563 2660 2665 616 1041 2205 5735 18335 31834 11075 3798 1660 864 3994 3689 3257 2572 1885 1793 2473 3291 3922 4263 4156 3517 2811 2030 1533 1717 2044 2417 2689 2820 
4152 4961 4930 4007 2970 1980 1425 1037 683 573 1108 1188 1202 1222 1221 320 490 675 1099 1855 3378 6736 11769 12208 7214 10019 12335 8590 4595 2412 4996 5350 4944 3790 2634 1878 1307 873 711 515 1193 1368 1373 1368 1317 294 425 624 1012 1577 2746 5133 9933 13730 10555 7919 12675 11747 6840 3622 4559 5500 5373 4507 3195 2308 1571 1131 801 583 1130 1221 1297 1428 1373 386 555 742 1265 2134 3678 7295 12680 13300 7952 10798 13630 9622 4950 2734 5504 6009 5307 4148 2942 1939 1405 1025 720 556 1312 1443 1485 1425 1477 335 429 651 958 1595 2829 5405 10799 15105 11480 8623 14059 12807 7381 3782 
22375 20259 6340 2428 1022 591 388 241 168 115 1061 1037 1005 904 869 408 606 781 1015 1407 1802 2524 3126 3485 3637 1040 2218 6752 24420 21513 30077 12412 4232 1832 1027 557 414 247 198 121 1088 1107 1076 952 871 435 558 747 953 1313 1741 2328 3024 3533 3925 907 1875 4338 14220 34523 25994 23151 7456 2899 1438 784 468 319 215 146 1146 1214 1158 1108 970 497 678 874 1191 1626 2105 2919 3531 3959 4239 1396 2876 7966 27774 25145 33794 13614 4425 1848 970 543 354 221 158 110 1268 1263 1101 1056 1006 470 598 779 1075 1494 1960 2713 3400 4048 4514 959 1821 4456 15482 38239 
3839 3690 3267 2574 1857 1439 989 778 579 403 838 910 1017 1106 1029 138 194 270 385 614 1097 2182 5447 17216 25580 43245 13814 3419 1222 576 4087 3660 3035 2211 1617 1213 883 636 491 389 886 969 1063 1056 1098 131 168 226 354 570 901 1629 3690 9943 27025 24283 33220 7085 2379 1075 4143 4039 3509 2673 2059 1567 1138 825 650 504 858 972 1023 1147 1144 152 217 347 512 726 1215 2487 6183 18820 27957 47612 15514 4057 1640 822 4266 3921 3172 2335 1775 1364 1009 732 568 413 958 1052 1121 1095 1140 116 134 202 339 469 873 1690 3698 10518 28334 25506 34670 7014 2188 1010 
3665 5765 7535 7218 5233 3252 2041 1348 932 631 1406 1485 1522 1461 1384 614 855 1315 2016 3232 5337 7233 7421 5688 3787 4789 6500 7183 5788 3837 4961 7374 8506 6725 4423 2889 1774 1137 767 601 1578 1648 1683 1572 1449 550 847 1118 1852 2867 4416 6698 8168 7153 5008 4062 6147 7601 7079 5131 4057 6490 8465 8025 5784 3723 2322 1433 976 748 1508 1690 1698 1664 1584 714 1011 1460 2356 3635 5914 7892 8101 6263 4134 5238 7250 7698 6328 4165 5523 8113 9231 7565 4926 3057 2088 1320 841 575 1817 1791 1845 1796 1701 673 853 1335 2056 3112 5005 7313 8877 7986 5450 4598 6890 8538 7702 5615 
244 359 586 905 1651 3154 7541 16731 16045 7064 7270 8755 7071 4477 2706 3675 4127 4151 3587 2899 2037 1554 1037 774 581 1190 1307 1414 1391 1431 346 501 827 1284 2482 5095 12341 19531 11579 4974 8581 8301 5915 3523 2139 3346 4077 4442 4081 3338 2481 1822 1304 923 710 1128 1305 1422 1487 1497 297 442 597 1119 1834 3742 8660 18467 17956 8020 8215 9734 7769 4940 2999 3895 4747 4760 4013 3176 2309 1677 1183 874 695 1330 1472 1624 1631 1580 364 515 797 1312 2518 5603 13452 21993 12930 5278 9671 9507 6516 3928 2509 3590 4648 4943 4624 3743 2769 1991 1519 1061 775 1358 1502 1570 1690 1623 
9179 10777 7672 4458 2453 1485 957 615 427 294 1080 1150 1157 1165 1032 448 573 838 1129 1636 2491 3651 4843 5746 5339 3383 8358 19409 15822 6266 11342 10434 6355 3540 2044 1263 832 558 416 294 1201 1172 1162 1110 1033 383 579 687 1068 1460 2147 3256 4634 5888 6060 2643 5789 14500 21787 10876 10134 11941 8585 4977 2755 1645 1034 673 495 346 1148 1281 1211 1248 1195 511 667 859 1296 1871 2804 4052 5561 6258 5990 3998 9561 21069 17657 7220 12236 11438 6761 3817 2156 1349 872 589 407 314 1316 1305 1272 1253 1174 467 616 757 1159 1673 2301 3534 5058 6314 6668 2759 6111 15475 23980 11811 
440 726 1168 2043 3970 8102 13951 12514 6779 3275 4474 5178 4938 3910 2923 2950 3992 4892 4980 4247 3222 2283 1554 1147 788 1463 1703 1926 1883 1764 674 1044 1682 2936 6097 11803 15448 9919 4819 2551 5216 5369 4758 3650 2602 2563 3651 4684 5327 5058 4059 2947 2071 1369 1048 1581 1720 1964 2163 1887 606 771 1245 2303 4137 8556 14793 13322 7065 3561 4731 5577 5309 4172 3091 3181 4279 5127 5291 4477 3404 2392 1718 1195 889 1636 1884 2045 2014 1972 655 1009 1717 3090 6195 12478 16047 10424 5227 2576 5463 5792 5044 3895 2684 2767 3824 4861 5598 5354 4137 3047 2059 1504 1125 1617 1779 1969 2165 2074 
172 286 441 795 1738 5114 24125 29419 6201 2057 5496 5117 4105 2817 1952 2466 3049 3397 3422 2889 2329 1877 1384 1116 790 1226 1463 1664 1706 1699 285 439 675 1383 3373 12052 45873 14697 3855 1591 5972 5064 3758 2639 1816 2516 3101 3566 3816 3368 2958 2368 1759 1394 990 1312 1507 1635 1758 1878 245 384 543 1070 2207 6252 27442 32914 7333 2545 6085 5679 4571 3314 2230 2729 3358 3781 3749 3297 2610 2015 1493 1175 877 1391 1662 1831 1900 1948 262 336 707 1330 3361 12271 48811 15128 3780 1463 6420 5589 4111 2799 1927 2658 3315 3834 4059 3815 3196 2395 1885 1518 1113 1455 1589 1867 2029 2158 
40 32 58 92 180 284 783 2952 50196 12649 15367 9323 4499 2243 1201 2903 2970 2761 2391 1824 1492 1089 893 644 555 963 1025 1173 1213 1227 47 46 94 155 276 579 1743 9847 91567 4423 13317 6732 3269 1728 1039 2857 3100 2947 2588 2193 1761 1275 995 770 563 869 1052 1110 1207 1202 32 51 67 118 197 407 1029 3674 56713 15141 16894 10420 5005 2500 1353 3129 3318 3033 2513 2043 1563 1249 912 775 597 1015 1167 1295 1319 1334 44 46 68 132 257 533 1476 9913 103589 4241 15192 7738 3613 1878 1130 3265 3591 3394 2983 2498 1987 1580 1216 918 711 1101 1175 1335 1395 1416 
6287 6464 4908 3413 2173 1445 932 720 495 402 1000 1051 1022 1055 982 294 397 583 871 1252 2040 3644 5942 8615 8869 7043 24696 21946 6184 2236 7106 6130 4265 2850 1912 1189 874 584 498 313 978 1075 1160 1030 1066 291 379 508 719 1128 1749 2848 4774 7657 9655 4464 14430 33973 12455 4018 7084 7112 5444 3764 2412 1522 1137 773 557 439 1027 1055 1120 1161 1078 320 447 685 1027 1419 2281 4001 6484 9542 9386 8007 27671 24738 7078 2722 7543 6612 4648 3116 2007 1355 947 714 469 344 1167 1202 1232 1211 1123 308 407 607 818 1214 1886 3113 5365 8327 10484 4521 14976 36334 13014 4077 
405 649 820 1306 1941 3127 5084 7153 8091 6363 4490 7490 10485 9204 5582 6045 7541 6834 5018 3144 1930 1302 898 648 430 1242 1406 1306 1297 1257 512 722 1144 1582 2527 4096 6267 8450 7777 5500 6204 9935 10998 7415 4398 5160 7237 7730 6188 4181 2496 1603 1131 746 528 1349 1358 1510 1459 1310 454 638 935 1296 2045 3311 5455 7751 8576 7001 4669 8213 11571 9921 6086 6708 8211 7327 5308 3405 2099 1309 861 653 454 1461 1380 1445 1530 1342 543 828 1197 1795 2848 4632 7235 9231 8647 6050 6911 10993 12279 8792 4796 5953 8309 8810 6853 4574 2857 1884 1160 821 626 1506 1572 1665 1541 1521 
11284 11422 7100 3612 1957 1179 758 490 359 247 1039 1034 1100 1016 951 444 555 749 1048 1538 2211 3134 4173 4974 5175 2350 6337 20400 22744 7201 13195 9893 5426 2865 1752 1051 685 473 343 233 1125 1104 1134 1042 1010 394 531 679 997 1365 1935 2815 3990 5165 5483 1823 4303 12623 31003 14228 12873 13279 8156 4344 2354 1377 852 576 393 290 1165 1272 1248 1113 1099 500 604 859 1213 1715 2471 3593 4901 5956 5760 2888 7594 23737 26361 8522 14469 10899 5897 3105 1801 1061 695 491 341 225 1243 1246 1253 1125 1153 403 543 700 1038 1439 2100 3033 4267 5600 6078 1863 4361 13203 32821 15142 
338 652 1412 4105 22982 34817 5543 1670 733 353 2678 2702 2388 2015 1637 1485 1989 2467 3015 3217 3171 2784 2286 1798 1441 1616 2084 2588 2898 3077 600 1114 2771 9998 56834 14294 3337 1393 686 335 2986 2775 2380 1889 1484 1383 1804 2414 2806 3294 3410 3245 2760 2202 1735 1582 2076 2618 2919 3203 494 826 1768 4972 26058 38619 6508 2064 966 472 2910 2816 2561 2210 1743 1599 2137 2793 3183 3339 3423 3150 2513 2041 1541 1775 2240 2745 3198 3313 478 1038 2621 9996 59610 14273 3195 1158 544 316 3047 2853 2555 2030 1632 1431 2033 2565 3101 3574 3701 3430 3109 2423 1867 1672 2056 2694 3090 3449 
536 1271 4078 26633 31167 4406 1287 568 328 179 2103 1950 1862 1660 1300 1093 1370 1820 2518 2828 3244 3175 2833 2339 1824 1741 2510 3282 4050 4422 1062 2620 10590 67141 11898 2890 1167 541 282 177 2165 2092 1777 1569 1240 1057 1326 1753 2250 2748 3297 3435 3257 2752 2299 1654 2295 3087 4051 4531 739 1700 4964 30410 35510 5574 1808 769 414 259 2280 2205 2066 1758 1499 1177 1600 2029 2616 3230 3533 3512 3105 2621 2034 2123 2759 3772 4414 4776 901 2328 10398 70543 11791 2476 935 455 263 154 2384 2212 2008 1668 1400 1054 1429 1915 2489 2984 3579 3650 3586 2857 2314 1781 2410 3376 4290 4928 
6177 10082 10834 7533 4082 2386 1402 928 574 398 1279 1361 1409 1319 1182 584 782 1080 1683 2312 3567 4949 5825 5713 4435 4138 7263 10813 10041 6100 8283 11575 9582 5644 3386 1892 1097 758 545 346 1401 1433 1379 1328 1258 474 700 1007 1397 2056 3114 4465 5621 6137 5202 3296 5783 9598 11343 8341 6684 10629 11628 7907 4468 2519 1533 985 653 437 1464 1505 1525 1386 1368 627 901 1193 1764 2607 3843 5298 6297 6092 4789 4496 7986 11636 10659 6696 9172 12691 10795 6353 3479 2064 1234 823 574 373 1559 1607 1595 1532 1395 540 794 1059 1615 2229 3368 4797 6419 6938 5827 3563 6464 10749 12828 9341 
148 155 260 481 788 1553 3626 11385 29970 13345 11730 11640 7059 3603 2048 3479 3638 3478 2891 2203 1670 1277 955 673 523 1091 1158 1250 1221 1223 192 294 440 709 1285 2713 6785 22582 25845 8074 13473 10019 5501 2942 1720 3436 3870 3925 3363 2734 2151 1620 1163 871 682 1082 1174 1218 1374 1368 183 233 374 599 1026 1882 4176 12441 32265 14980 12612 12684 7575 3948 2228 3881 3869 3792 3084 2417 1834 1331 979 742 571 1106 1261 1286 1386 1360 146 275 434 694 1236 2688 7022 23756 27000 8206 14258 10675 5778 2963 1680 3768 4147 3992 3653 2889 2185 1589 1175 832 713 1132 1248 1299 1413 1376 
468 585 777 1036 1281 1778 2317 2899 3401 3282 816 1584 3321 8837 22766 46213 16005 3442 1268 612 344 207 119 88 63 1137 1148 1060 972 879 503 683 850 1123 1624 2026 2653 3045 3483 3220 1240 2423 5700 15206 24451 20314 42412 7382 2359 1062 535 324 205 123 90 1121 1127 1043 998 925 483 671 840 1114 1417 2004 2457 3038 3615 3655 965 1794 3880 9820 24380 50864 18062 4159 1535 791 404 264 163 130 76 1223 1240 1115 1040 1017 566 758 953 1312 1726 2196 2831 3458 3720 3588 1205 2457 5831 16486 26655 21256 44732 7425 2181 907 496 246 180 114 65 1288 1246 1183 1092 1001 
179 279 375 533 957 1760 3446 8022 17030 15226 10998 16218 10176 4658 2260 4170 4275 3680 2876 2081 1537 1097 826 612 443 1034 1131 1154 1186 1144 268 351 505 803 1396 2683 5607 13363 19871 11103 16020 15166 7571 3468 1857 4188 4532 4429 3535 2652 1966 1395 1034 746 537 1040 1150 1179 1228 1281 217 330 481 676 1148 2034 3968 8988 18876 16922 12406 18302 11573 5316 2650 4634 4702 4008 3294 2399 1726 1209 924 658 486 1127 1225 1358 1312 1326 270 340 507 848 1427 2808 6093 14131 21385 12146 16995 16300 7952 3670 1972 4614 5072 4755 3940 2967 2147 1497 1091 877 582 1120 1251 1351 1389 1414 
2249 3028 3830 4143 3924 3263 2546 1900 1402 1002 1356 1578 1725 1941 1953 429 695 1232 2412 5425 14935 22797 10114 3824 1736 5050 4730 3846 2757 1944 2717 3501 4155 4273 3877 2991 2248 1688 1247 933 1565 1795 1878 2023 2024 379 661 994 1812 3788 9714 22890 17540 6664 2840 5096 5339 4576 3512 2463 2383 3315 4022 4356 4257 3568 2801 2023 1455 1116 1523 1706 1993 1989 2093 541 768 1407 2723 6068 15965 24222 10970 4256 2034 5460 5194 4267 3146 2315 2965 3709 4383 4521 4110 3235 2369 1777 1298 1030 1577 1809 1965 2135 2089 371 560 971 1772 3827 9827 23533 17666 6493 2811 5290 5462 4961 3683 2691 
150 198 279 424 657 1119 2304 5229 14750 23594 17141 24557 9622 3516 1541 4132 3995 3372 2589 1837 1364 1026 745 544 426 1019 1039 1142 1158 1154 188 268 406 580 919 1756 3478 8999 22181 17862 25422 16645 5764 2422 1285 3906 4111 3728 3012 2082 1578 1260 807 660 466 947 969 1132 1199 1191 176 227 352 477 815 1368 2623 6057 15965 25854 18600 27003 10519 4049 1899 4512 4347 3640 2779 2053 1456 1141 820 581 479 1069 1129 1207 1272 1208 180 231 369 552 868 1751 3648 9273 23790 18908 27084 17658 6041 2488 1162 4326 4543 4049 3213 2385 1693 1290 926 714 547 1055 1124 1146 1225 1235 
7367 6057 4129 2771 1691 1129 765 566 383 309 908 1003 1029 1023 913 323 404 493 762 1095 1648 2650 4394 6732 8440 1890 15653 41947 2861 834 7429 5447 3558 2292 1465 995 674 500 352 284 946 1048 977 967 1002 268 347 481 653 877 1401 2311 3614 5602 8262 1287 5305 103309 9415 1849 8067 6673 4571 2916 1867 1201 919 602 477 358 992 1070 1069 1082 1000 301 441 572 824 1210 1896 2975 4743 7396 9270 2583 18891 47137 3734 1049 7980 5991 3941 2486 1576 1101 805 594 406 290 1074 1150 1097 1103 1078 303 357 520 717 1071 1581 2463 3966 6303 9068 1075 5032 113407 9114 1566 
135 160 313 579 1138 3525 20006 41653 5598 1577 5993 5393 4012 2883 1902 2444 2946 3348 3203 2803 2221 1808 1389 1037 823 1224 1417 1621 1762 1736 208 281 514 1008 2373 8760 58620 15757 3413 1258 6120 4959 3553 2472 1696 2313 2924 3209 3490 3215 2677 2201 1729 1233 959 1205 1368 1648 1778 1928 180 234 374 720 1543 4180 22593 47605 7047 2050 6620 6006 4512 3066 2076 2741 3331 3651 3517 3179 2495 2045 1547 1156 897 1400 1639 1789 1838 1917 164 228 431 831 2056 8366 61362 15865 3158 1152 6528 5305 3866 2573 1745 2384 3125 3565 3734 3447 2940 2310 1788 1379 1035 1240 1490 1613 1936 1944 
3033 5004 7966 8933 7258 4451 2680 1638 1002 747 1654 1772 1850 1793 1676 813 1117 1647 2605 4014 5794 6798 6437 4485 3086 3911 5330 5898 5173 4026 4147 6636 9188 8807 5958 3618 2168 1351 900 591 1759 1760 1861 1795 1562 666 1048 1419 2352 3390 5066 6625 7054 5511 3821 3379 4827 5792 5807 4885 3394 5500 8399 9771 7802 4890 2879 1688 1131 781 1717 1859 1920 1856 1726 891 1206 1896 2879 4342 6260 7319 6626 4870 3230 4136 5743 6362 5591 4182 4502 7443 9982 9438 6466 3793 2334 1417 955 637 1977 2034 2052 1840 1746 780 1002 1613 2413 3692 5776 7483 7620 5970 4171 3695 5201 6375 6535 5224 
658 1005 1594 2591 4383 6927 9288 8357 5530 3226 3651 4519 4911 4449 3492 3156 4645 6200 6785 5595 3991 2543 1708 1131 803 1797 1860 1998 1954 1776 834 1311 2053 3474 5736 8848 9663 7225 4390 2565 4378 5133 5039 4169 3138 2633 3983 5655 6857 6549 4962 3165 2183 1438 1012 1634 1969 2095 2011 1975 811 1161 1804 2853 4899 7789 10464 9232 6179 3584 4098 4978 5461 5046 3904 3478 5087 7079 7612 6416 4389 2971 1909 1186 865 2004 2114 2222 2289 1998 908 1363 2092 3681 6161 9222 10257 7591 4576 2637 4644 5292 5235 4277 3313 2746 4113 6143 7294 7089 5175 3482 2297 1567 1047 1838 2038 2037 2098 2058 
459 714 970 1394 2062 3055 4401 5546 5643 4771 3057 5180 8223 9635 7282 7056 10274 9577 5969 3259 1933 1163 848 480 373 1349 1397 1389 1311 1229 641 834 1198 1801 2562 3777 5199 5856 5358 4177 4177 6785 9559 8954 5888 5384 9016 11040 8094 4657 2578 1423 1002 644 427 1395 1362 1457 1375 1283 543 773 1107 1588 2329 3348 4785 6102 6247 5136 3346 5928 8906 10533 8047 7548 11387 10683 6686 3685 2151 1369 846 561 398 1489 1563 1543 1441 1354 753 894 1411 2008 2848 4205 5741 6518 6149 4724 4546 7825 10738 9947 6518 6207 10284 12559 9212 5207 3004 1749 1086 701 463 1501 1648 1666 1569 1401 
2925 3992 4389 4445 3661 2851 1929 1434 1028 758 1194 1338 1526 1521 1507 445 590 988 1552 3175 6557 13260 14383 7765 3578 6658 6906 5409 3618 2334 3626 4454 4837 4422 3467 2505 1761 1291 893 615 1331 1465 1630 1638 1625 367 553 827 1336 2434 4990 10338 16704 11793 5598 6331 7527 6735 4883 3146 3415 4269 4952 4934 4188 3139 2219 1531 1092 858 1304 1511 1618 1691 1701 465 701 1059 1839 3511 7588 14901 16297 8700 4188 7584 7521 5890 4110 2567 4210 5196 5395 5036 3987 2807 2020 1485 1019 776 1571 1729 1839 1857 1797 428 518 856 1425 2566 5221 11468 18615 13210 6289 6939 8429 7491 5276 3432 
428 529 699 981 1186 1578 2189 2795 3460 3821 610 1223 3085 11248 42818 30475 9376 3110 1315 720 427 246 177 127 91 1087 1041 967 877 866 502 602 784 1041 1483 1986 2585 3189 3831 3969 986 2176 6065 27275 30374 31109 19391 5634 2338 1071 630 403 247 178 139 1109 1114 1066 961 983 406 573 771 963 1297 1722 2353 3114 3479 3935 767 1463 3637 12743 46496 32757 10601 3623 1631 843 526 352 224 141 117 1114 1141 1048 1018 881 534 677 928 1178 1614 2153 2760 3430 4201 4223 930 2190 6368 29411 32332 33448 20933 5959 2293 1088 592 377 228 154 112 1208 1191 1201 1158 1010 
1937 2382 2836 3130 2948 2595 2165 1705 1337 1057 1144 1319 1534 1749 1933 156 220 417 912 2693 16675 47406 4844 1329 544 4485 3825 2981 2122 1449 2287 2769 3143 3385 3049 2554 2064 1461 1258 973 1357 1584 1926 1893 2095 153 222 408 819 1933 6935 64419 15136 2996 1051 5151 4579 3702 2711 1832 1987 2666 3134 3384 3268 3035 2442 1776 1417 1102 1271 1465 1777 1908 2061 193 321 583 1266 3557 19407 53153 6127 1739 760 5004 4201 3309 2375 1660 2503 3224 3588 3789 3414 2953 2340 1824 1421 1058 1535 1808 1967 2179 2288 113 183 347 667 1680 6999 70593 15752 2785 957 5760 5235 4212 3008 2171 
1148 2101 5056 15690 24638 9215 3280 1445 792 469 2079 2116 1971 1727 1462 1195 1553 2074 2757 3397 3787 3678 3137 2363 1780 1963 2679 3380 3770 3895 1665 3635 9566 25533 17483 5933 2414 1195 772 404 2217 2159 2056 1708 1352 1019 1410 1961 2602 3242 3817 4059 3469 2842 2236 1862 2477 3253 3929 4145 1297 2485 6255 18114 28263 10924 4037 1854 1061 581 2420 2401 2262 2013 1739 1314 1799 2466 3205 3936 4367 4019 3484 2772 2099 2330 3225 3891 4482 4362 1698 3898 10826 29105 19203 6490 2714 1228 687 455 2606 2476 2274 1998 1644 1161 1595 2257 2906 3739 4407 4508 4188 3375 2469 2090 2886 3773 4441 4743 
5050 16422 28141 9072 2992 1356 713 401 241 168 1318 1305 1306 1199 1066 675 875 1188 1549 2117 2752 3286 3618 3513 3000 2034 3606 6318 9624 9425 9620 30259 18836 5753 2280 1111 640 418 251 211 1392 1430 1401 1224 1127 646 816 1085 1423 1963 2605 3209 3969 3847 3613 1782 2944 5146 8774 10978 5774 18640 31688 10296 3604 1646 873 535 331 227 1507 1451 1486 1392 1152 750 938 1250 1760 2294 3102 3655 3994 3812 3287 2322 4047 7056 10483 10570 10218 32587 19914 5835 2308 1082 639 385 246 174 1596 1579 1424 1350 1225 650 914 1147 1566 2096 2690 3552 4107 4239 3843 1936 3219 5570 9426 11771 
2433 3291 4209 4665 4394 3703 2745 1899 1380 1046 1499 1679 1851 2004 1909 554 865 1460 2875 5937 13033 17015 9599 4358 2110 5036 5033 4328 3219 2216 2771 3695 4480 4679 4160 3124 2282 1617 1206 853 1426 1799 1926 1967 1849 436 752 1197 2083 4135 8979 16741 13864 6493 3039 4537 5147 4775 3755 2780 2707 3733 4625 5104 4934 4003 3096 2140 1580 1127 1618 1800 2057 2236 2197 672 971 1702 3326 6624 14451 19019 10683 4952 2505 5395 5583 4724 3615 2551 3046 4057 4990 5185 4575 3551 2597 1931 1342 922 1799 2045 2086 2203 2116 532 732 1193 2110 4360 9966 18375 15386 7302 3356 5084 5823 5227 4106 2973 
348 576 1099 2112 5303 16812 27835 9938 3451 1501 4238 4270 3692 2905 2063 2214 2913 3569 4004 3830 3350 2559 1908 1474 1096 1650 1922 2117 2219 2269 537 867 1683 3667 9957 28566 19312 6211 2538 1234 4474 4190 3415 2653 1889 1934 2726 3435 3978 4176 3706 3064 2241 1623 1314 1540 1779 2093 2276 2413 434 739 1147 2494 5900 18081 29940 10955 3843 1779 4443 4408 3942 3062 2295 2431 3134 3793 4236 3955 3412 2804 2010 1555 1100 1698 1917 2279 2324 2381 522 857 1633 3724 10442 30173 20062 6225 2474 1189 4804 4521 3730 2867 2113 2199 2901 3821 4275 4401 3920 3176 2409 1839 1332 1576 1919 2288 2458 2573 
601 848 1226 1918 2827 4309 5982 6800 5897 4226 3401 5184 6621 6684 5378 4797 7681 9497 7721 4822 2762 1816 1106 705 487 1639 1623 1633 1576 1465 688 1036 1516 2349 3482 5292 6573 6700 5244 3476 4374 6049 6865 6186 4527 3732 6122 8909 9087 6417 3780 2256 1450 925 643 1528 1671 1658 1604 1532 690 916 1449 1952 3169 4819 6545 7492 6476 4681 3855 5659 7330 7445 5826 5307 8364 10365 8658 5249 3214 1941 1293 854 616 1749 1846 1881 1753 1526 777 1141 1717 2593 3976 5769 7341 7309 5717 3831 4656 6542 7756 6913 4947 4200 6992 9933 9957 6955 4198 2504 1605 1012 675 1674 1780 1867 1857 1710 
498 711 998 1382 2185 3273 4880 6434 6550 5203 3540 6073 8997 9305 6515 6449 9243 8544 5856 3614 2188 1261 826 576 430 1365 1450 1370 1400 1299 559 875 1163 1739 2746 4102 5832 6787 5949 4374 4705 7731 9603 7874 4986 4998 7844 9333 7304 4530 2727 1658 1114 708 532 1354 1486 1455 1443 1291 573 779 1053 1534 2241 3484 5182 6805 7103 5519 3767 6305 9460 9797 6785 6985 9543 9093 6212 3753 2287 1432 882 627 479 1492 1497 1497 1473 1407 691 941 1340 2090 3184 4741 6588 7795 7074 4989 5403 8783 11030 9087 5723 5848 9094 10565 8623 5262 3085 1926 1266 805 594 1516 1654 1714 1591 1548 
2684 4989 8883 11181 8164 4564 2510 1505 937 584 1585 1703 1732 1686 1442 845 1187 1705 2477 3715 4779 5464 4791 3739 2633 3144 4402 5327 5400 4051 4078 7281 11334 10977 6864 3584 2098 1202 837 561 1784 1864 1810 1640 1431 745 1061 1537 2211 3272 4576 5686 5775 4761 3339 2850 3967 5123 6051 5052 3145 5891 9883 12547 9528 5353 2950 1708 1082 708 1826 2036 1970 1894 1671 965 1388 1941 2847 4138 5416 6317 5638 4304 3037 3738 5159 5972 5968 4592 4442 7908 12539 12058 7455 4103 2303 1328 843 562 2031 2034 1985 1916 1708 835 1205 1683 2532 3551 4959 6148 6363 5297 3746 3226 4518 5894 6428 5602 
332 427 663 965 1341 2055 3139 4806 6127 6538 3006 6906 17310 17720 7646 8780 8166 5630 3392 1987 1217 808 558 409 260 1114 1202 1118 1045 995 440 606 914 1246 1804 2743 4227 5862 7010 6471 4879 12015 22156 13017 5249 8369 9543 7273 4646 2603 1690 1108 731 514 348 1149 1180 1190 1258 1042 393 534 684 1057 1617 2424 3624 5455 7174 7460 3475 8102 19481 20527 8731 10181 9331 6260 3767 2262 1456 979 667 439 355 1241 1271 1321 1186 1155 435 660 889 1328 1999 3052 4526 6422 7698 6938 5199 13090 24143 14249 5441 9114 10550 8239 5097 3079 1851 1158 726 602 433 1253 1323 1302 1327 1282 
3715 4010 3816 3243 2546 1910 1415 943 760 548 1007 1061 1191 1358 1299 153 259 357 556 1028 2088 5069 15590 27092 10372 16256 11814 5653 2738 1470 3839 4059 3662 2943 2192 1578 1213 894 680 554 1022 1161 1248 1245 1228 179 242 328 531 885 1692 3473 9047 25274 19075 13855 15391 8413 4035 2124 3743 4067 4045 3446 2598 1906 1457 1050 847 576 1025 1167 1208 1285 1333 231 263 461 688 1205 2440 5609 16341 28113 11502 16739 12379 6033 2992 1629 4193 4217 3827 3162 2386 1753 1330 990 752 567 1185 1222 1342 1392 1329 142 224 311 498 842 1576 3462 9532 26718 19990 14835 16261 9036 4276 2200 
1128 1433 1876 2348 2747 3009 2937 2637 2149 1720 1424 1760 2348 2866 3346 249 565 1600 11107 60739 3322 821 333 168 99 2432 2214 1955 1609 1214 1301 1722 2204 2551 2875 2979 2813 2425 1982 1504 1618 2176 2845 3198 3559 207 442 1118 4297 73122 11844 1908 621 299 162 2522 2302 2107 1792 1485 1273 1605 2073 2587 3003 3300 3144 2967 2371 1890 1547 2045 2629 3260 3631 341 810 2069 13913 68946 4363 1111 439 244 127 2691 2502 2085 1730 1482 1538 1994 2535 2920 3326 3425 3082 2718 2167 1760 1870 2519 3049 3699 4012 219 389 953 4037 81738 11494 1699 570 270 137 2887 2701 2426 1993 1543 
3742 5888 7678 7154 5183 3298 2134 1341 914 623 1469 1494 1578 1596 1480 643 880 1325 2071 3380 5353 7512 7895 6041 3882 5210 6912 7304 5968 3847 4993 7057 7915 6401 4299 2747 1739 1147 819 552 1437 1621 1637 1557 1430 530 800 1125 1743 2706 4363 6764 8354 7443 5116 4244 6166 7600 6950 5055 4115 6324 8377 7871 5701 3706 2354 1446 1021 681 1522 1653 1710 1753 1617 665 1039 1541 2330 3749 5908 8180 8606 6470 4294 5552 7635 8142 6447 4325 5417 7911 8885 7178 4708 3007 1979 1284 921 586 1645 1786 1818 1769 1674 601 895 1228 1926 3000 4838 7516 9076 8010 5710 4523 6758 8564 7790 5577 
1729 2643 4077 5706 6518 5638 3969 2631 1768 1169 1847 2059 2294 2206 2053 1030 1641 2631 4376 7137 8751 7092 4578 2778 1647 3175 3506 3592 3157 2458 2312 3573 5278 6689 6716 5229 3559 2227 1518 988 2118 2326 2357 2429 2039 907 1421 2212 3858 6130 9078 9111 6268 3720 2314 3051 3713 3796 3522 3058 2001 3130 4854 6540 7328 6494 4748 3106 2064 1343 2073 2407 2612 2549 2410 1241 1948 3194 5296 8206 10305 8375 5406 3129 2002 3768 4037 4020 3544 2880 2679 4162 6052 7671 7745 6005 4108 2651 1707 1186 2390 2622 2844 2642 2433 1033 1506 2599 4306 7034 10106 10415 7095 4246 2655 3480 4194 4377 4179 3500 
590 1065 2045 4176 9826 19084 12849 5532 2484 1255 3096 3245 3036 2602 2043 1874 2549 3354 4060 4282 3803 3155 2287 1631 1228 1826 2164 2420 2569 2526 933 1598 3049 6814 15962 18896 9124 3788 1999 1114 3435 3334 2884 2459 1928 1705 2246 3130 3946 4470 4293 3750 2783 2154 1493 1787 2035 2435 2611 2760 752 1265 2283 4660 11188 21096 14866 6158 2799 1522 3550 3536 3425 2942 2330 2066 2886 3755 4409 4745 4266 3378 2518 1884 1358 1967 2368 2644 2873 2828 890 1582 3248 7140 16812 20411 9750 4100 1959 1091 3677 3555 3282 2669 2153 1801 2498 3366 4206 4706 4751 3926 3080 2248 1680 1814 2302 2718 2894 2850 
2309 3171 4077 4794 4595 3744 2932 2049 1399 996 1483 1688 1881 2013 1916 613 984 1569 3160 6338 12503 14692 8338 3966 2008 4624 4720 4133 3223 2272 2768 3891 4752 5016 4445 3426 2522 1768 1181 897 1703 1855 2029 2081 1952 517 746 1311 2378 4622 9647 16176 12409 6101 3045 4449 5024 4758 3869 2882 2517 3405 4584 5219 5065 4089 3038 2167 1577 1116 1591 1855 2086 2108 2183 661 1059 1857 3480 7124 13731 16076 9286 4343 2292 5023 5170 4606 3465 2496 3072 4177 5161 5514 4866 3708 2743 1908 1349 993 1795 2013 2189 2200 2073 540 836 1377 2528 5029 10475 17149 13309 6534 3165 4845 5468 5203 4136 3104 
4147 6030 7067 6172 4527 2796 1882 1265 847 595 1275 1371 1396 1508 1421 545 802 1110 1818 2955 4821 7355 8549 7053 4516 5792 8017 8318 6080 3817 5377 7104 7175 5606 3744 2441 1673 1014 777 555 1456 1514 1549 1529 1435 494 703 1017 1502 2408 4026 6370 8827 8694 6077 4842 7391 8911 7734 5071 4898 6921 8067 7134 5025 3282 2108 1391 940 669 1459 1648 1685 1657 1606 572 951 1304 2181 3271 5456 8143 9608 7900 5151 6377 9149 9640 6857 4207 5955 7696 7755 6015 4079 2679 1755 1166 806 586 1580 1623 1696 1651 1546 570 749 1065 1613 2624 4190 7072 9493 9220 6460 5034 8014 9915 8264 5634 
3232 4303 5199 4991 4059 2929 1994 1395 960 732 1283 1412 1521 1560 1493 443 727 1103 1863 3298 6420 11223 12135 7453 3837 6369 7178 6096 4100 2596 4195 5281 5622 4947 3805 2672 1798 1282 909 633 1461 1560 1622 1697 1625 454 635 908 1458 2592 5020 9520 13904 10913 5932 5861 7758 7349 5401 3603 3599 4840 5608 5477 4410 3235 2280 1613 1097 837 1369 1584 1669 1676 1730 539 777 1186 2041 3690 6978 12315 13272 8239 4234 7056 7874 6648 4623 3032 4465 5694 6077 5430 4160 2975 2050 1412 1009 717 1610 1798 1787 1848 1648 435 670 1011 1615 2850 5330 10346 15009 11646 6296 6451 8180 8082 5930 3875 
3090 3353 3283 2763 2260 1754 1275 952 727 554 964 996 1125 1202 1251 111 154 242 394 661 1363 3541 13733 39930 10641 16755 9512 4364 2042 1141 3575 3726 3395 2621 2075 1594 1211 858 694 558 997 1210 1162 1289 1314 107 191 234 379 586 1138 2542 7335 32349 25075 17294 14510 6921 3181 1711 3566 3725 3696 3070 2423 1960 1375 1056 753 609 1020 1052 1264 1253 1315 146 207 339 485 831 1685 4399 15432 44304 12000 18052 10434 4800 2342 1417 3968 4080 3593 2971 2283 1713 1215 978 698 574 1127 1235 1389 1415 1364 93 153 215 317 545 1094 2394 7434 33875 26189 18417 15428 7082 3262 1810 
2857 4255 5692 6286 5466 3935 2687 1821 1168 824 1466 1625 1755 1824 1752 717 1054 1562 2666 4656 7794 10105 8572 5196 3100 4754 5642 5502 4403 3109 3625 5242 6498 6277 4914 3420 2392 1480 1037 743 1632 1804 1868 1906 1798 590 922 1335 2238 3711 6592 9916 10109 7036 4193 4256 5513 5858 5048 3829 3038 4493 6233 6804 5921 4374 2954 1936 1301 859 1583 1840 1926 1961 1837 761 1189 1778 2964 5170 8398 11159 9133 5584 3114 5243 6236 5832 4680 3284 3984 5717 7128 7051 5375 3769 2475 1601 1125 874 1716 2030 2122 2009 1963 648 974 1459 2346 4096 6986 10726 10839 7505 4381 4651 6037 6475 5654 4154 
4497 4913 4709 3758 2707 1995 1464 950 732 589 1006 1195 1270 1227 1232 283 402 545 852 1508 2837 5615 11543 16097 9842 13656 16035 8770 3982 1998 5015 5198 4453 3320 2406 1768 1202 839 657 475 1171 1262 1328 1306 1385 248 373 490 752 1273 2175 4224 8669 15621 14324 10593 17500 13376 6357 3094 4746 5298 4803 4013 2899 2147 1462 1082 734 598 1083 1221 1314 1308 1316 316 427 634 1015 1604 3045 6074 12542 16942 10693 14356 17265 9562 4373 2308 5207 5417 4741 3460 2433 1738 1223 882 695 518 1201 1263 1415 1383 1358 249 370 510 818 1243 2329 4275 9037 16501 14871 10795 18393 13865 6514 3155 
2985 4348 6028 6613 5577 4041 2562 1805 1132 725 1506 1655 1833 1733 1735 696 1082 1646 2656 4515 7182 9326 7901 5155 3029 4636 5683 5531 4437 3193 3777 5458 6924 6809 5132 3460 2254 1558 1048 734 1671 1799 1787 1858 1666 671 931 1415 2267 3581 6046 9177 9547 6907 4203 4194 5589 6305 5348 4015 3221 4985 6686 7406 6065 4351 2952 1936 1355 875 1657 1852 1935 1962 1961 798 1164 1808 2931 5032 8081 10191 8834 5646 3395 5052 6184 6211 4807 3489 4227 6047 7511 7292 5650 3837 2518 1678 1129 809 1782 1958 2118 2006 1841 696 947 1458 2392 3949 6856 9734 10545 7431 4421 4678 6079 6708 5731 4287 
6163 10181 11172 7491 4113 2215 1429 820 509 383 1299 1260 1361 1378 1251 568 800 1130 1652 2411 3486 4697 5517 5296 4187 3836 6773 10354 9836 6257 8696 12349 10212 5925 3251 1873 1168 795 537 314 1400 1428 1442 1267 1221 527 644 971 1448 2123 3019 4224 5584 5830 5091 2989 5536 9194 11205 8573 6724 11452 12897 8452 4693 2495 1533 975 690 415 1451 1550 1540 1498 1383 660 891 1228 1799 2616 3755 5208 6255 5893 4754 4377 7711 11760 11066 7092 9503 13592 11349 6497 3519 1986 1263 777 571 410 1555 1583 1498 1515 1359 577 798 1070 1598 2385 3348 4798 6290 6551 5705 3407 6112 10293 12692 9700 
4650 6987 7635 6378 4321 2784 1778 1182 755 492 1351 1418 1512 1410 1449 529 785 1141 1782 2771 4524 6562 8231 7003 4687 5665 8613 9378 6999 4066 5828 7836 7530 5737 3571 2255 1422 963 640 493 1420 1533 1461 1477 1365 509 668 986 1494 2264 3653 5706 7709 8008 6160 4519 7315 9834 8486 5604 5339 7688 8822 7341 5030 3107 2106 1412 954 658 1422 1629 1617 1617 1492 598 881 1303 1913 3162 5016 7305 9008 7840 5372 6386 9574 10701 7812 4748 6475 8483 8282 6046 3943 2541 1535 1065 740 549 1583 1618 1613 1541 1524 530 805 1025 1551 2565 3956 6182 8457 8810 6588 4935 8107 10697 9472 5943 
3050 4034 4411 4329 3662 2735 1869 1401 999 740 1187 1313 1435 1483 1488 342 540 877 1484 2839 6321 13226 15472 8097 3703 6963 7048 5304 3582 2270 3709 4493 4805 4221 3291 2477 1715 1278 874 641 1270 1492 1624 1605 1633 356 529 816 1296 2278 4590 10120 17168 12642 5906 6394 7676 6659 4799 3036 3338 4510 4995 4849 4107 3143 2171 1530 1088 795 1355 1576 1645 1696 1735 448 651 1063 1796 3304 7222 14876 17780 9501 4342 7748 7983 6056 4078 2622 3975 4835 5048 4599 3752 2637 1940 1349 967 741 1500 1597 1758 1818 1689 336 481 828 1288 2459 4885 10611 18551 13626 6550 7050 8495 7465 5111 3206 
2201 3304 4919 6053 6150 4980 3453 2368 1567 1085 1795 1966 2125 2157 2113 869 1352 2186 3859 6776 9643 9379 6121 3626 2007 3875 4418 4275 3686 2783 2829 4314 5728 6474 5930 4448 2955 1984 1339 920 1939 2111 2180 2207 2051 788 1144 1870 3051 5376 8652 10657 8241 5055 3000 3673 4395 4600 4244 3387 2388 3569 5247 6631 6775 5481 3673 2492 1715 1143 1828 2152 2259 2342 2236 980 1471 2514 4114 7103 10535 10219 6712 3980 2278 4216 4666 4600 3812 2951 2947 4525 6127 7005 6145 4579 3149 2074 1336 1023 2043 2219 2318 2332 2071 769 1212 1924 3167 5551 8980 10926 8585 5065 3040 3765 4729 4776 4136 3423 
1767 2868 4516 6367 7190 5895 4039 2606 1745 1078 1823 2150 2215 2128 1964 1073 1566 2613 4134 6492 7931 7008 4667 2827 1820 3153 3530 3768 3337 2619 2427 3823 5899 7253 7210 5265 3486 2231 1458 958 2143 2276 2340 2184 2047 889 1416 2182 3535 5635 7888 8212 6062 3999 2420 3112 3631 4021 3697 3269 2123 3206 5195 7243 7915 6607 4641 2909 1847 1211 2020 2291 2447 2453 2286 1176 1856 2886 4762 7275 8806 7880 5322 3372 2035 3552 4169 4242 3727 2969 2659 4275 6317 8325 7916 5765 3711 2443 1454 1090 2226 2566 2583 2485 2162 1021 1493 2350 3896 6065 8665 9077 6695 4214 2635 3316 3955 4378 4234 3397 
