3088 3867 4273 4039 3378 2655 1846 1403 1047 745 1160 1314 1489 1491 1464 326 383 718 1248 2444 5547 14493 21963 10103 4105 8220 7612 5211 3384 2025 3555 4231 4324 3773 3023 2275 1695 1198 823 665 1300 1363 1558 1566 1541 285 401 595 1050 1839 3806 9274 21522 16825 6704 7495 8293 6728 4235 2687 3331 4105 4602 4444 3683 2822 2025 1480 1113 815 1288 1495 1587 1667 1709 364 508 860 1385 2815 6413 15861 23972 11518 4562 8926 8295 5971 3781 2370 3988 4483 4860 4276 3313 2513 1871 1338 1036 740 1379 1477 1717 1869 1718 272 389 584 1008 2031 4050 10203 23435 18329 7178 8262 9045 7335 4796 3022 
3139 4676 6064 6634 5462 3886 2606 1774 1143 853 1478 1648 1780 1739 1705 667 1025 1515 2561 4391 7544 9802 8941 5671 3341 5201 6269 5978 4690 3227 3778 5465 6726 6390 4737 3198 2169 1469 1053 665 1591 1771 1699 1715 1664 569 918 1372 2058 3259 6012 8969 10004 7280 4393 4363 5863 6278 5518 4039 3371 5068 6634 7059 5810 4135 2915 1938 1220 860 1637 1825 1945 1908 1862 768 1072 1688 2783 4838 7951 10909 9555 6274 3539 5484 6831 6500 4993 3463 4232 5934 7330 6653 5080 3505 2304 1498 1058 729 1695 1949 1919 1921 1810 621 827 1369 2201 3709 6339 9786 11112 7857 4678 4811 6358 6802 5885 4303 
3763 3525 2967 2259 1656 1224 937 707 567 355 779 846 933 925 961 104 128 185 309 508 863 1631 3861 11340 27340 90816 8210 1602 534 288 3940 3447 2719 2025 1526 1113 858 623 445 360 905 913 953 1028 1024 132 153 247 362 476 771 1383 2720 6898 21061 22643 38924 3872 1188 518 4186 3801 3166 2360 1761 1362 1021 811 564 475 910 961 962 1056 993 143 212 278 403 632 994 1900 4417 12428 30013 102986 10088 2080 772 351 4341 3720 2942 2250 1592 1288 931 709 545 421 964 1016 1064 1106 1157 100 121 196 289 427 704 1371 2713 7293 22632 22262 40180 3461 991 391 
560 897 1304 2083 3503 6127 9462 10031 6876 4069 4213 5598 5892 5092 3818 3647 5266 6414 6185 4782 3325 2200 1503 1013 752 1616 1798 1821 1748 1664 785 1004 1700 2938 5025 8411 10726 9125 5639 3407 5210 6073 5985 4666 3161 3239 4654 6194 6791 6031 4284 2883 1889 1284 878 1599 1770 1971 1916 1796 611 938 1416 2239 3829 6509 9917 10564 7424 4442 4558 5701 6244 5284 4099 3847 5441 6685 6562 5066 3418 2370 1607 1064 788 1704 1878 1853 1872 1703 729 1096 1636 2796 4972 8275 10835 9207 5474 3263 5178 6101 5918 4746 3336 3112 4582 6374 6878 5872 4258 2803 1865 1294 874 1614 1819 1892 1904 1886 
455 896 1953 5667 25097 27638 6162 2076 868 521 2743 2642 2488 1992 1631 1462 1886 2537 3075 3390 3560 3130 2503 1977 1461 1785 2141 2641 3101 3111 783 1567 3573 12289 42612 13775 3858 1599 825 497 2844 2734 2347 1980 1488 1358 1748 2273 2905 3434 3703 3443 2801 2215 1734 1622 2024 2442 2978 3271 618 1040 2400 6781 28392 31057 7308 2546 1184 624 3146 3072 2637 2249 1786 1672 2161 2767 3414 3880 3940 3486 2788 2156 1570 1927 2510 3030 3296 3441 690 1387 3490 12853 46120 13986 3763 1448 723 418 3130 2909 2533 2125 1691 1473 1890 2415 3105 3628 3862 3660 3124 2487 1887 1720 2263 2817 3159 3574 
81 115 196 444 1026 3444 35507 21087 2652 839 5197 4619 3589 2470 1800 2212 2690 2976 3178 2796 2316 1879 1426 1128 894 1211 1477 1672 1829 1875 134 202 413 855 2300 10603 90201 7517 1781 706 5538 4559 3304 2226 1610 2212 2633 3121 3247 3258 2795 2165 1764 1395 1046 1202 1407 1665 1852 2017 105 166 308 566 1389 4478 40586 24191 3474 1129 5509 5070 3899 2709 1893 2387 2890 3304 3251 3013 2573 1961 1546 1086 983 1347 1581 1750 1872 2002 105 172 332 663 1940 10363 94626 7314 1552 641 5971 4808 3672 2506 1764 2295 2909 3386 3603 3424 2912 2478 1907 1485 1088 1356 1533 1835 2063 2082 
1114 2917 10483 45645 13165 3495 1219 600 336 193 1857 1846 1727 1517 1320 1050 1377 1733 2238 2881 3336 3398 3283 2813 2138 2084 2876 4063 5104 5461 2001 5796 25754 32558 6783 2183 999 566 366 226 1880 1870 1643 1465 1214 933 1197 1591 2041 2495 3139 3597 3379 3100 2423 1662 2524 3461 4773 5420 1382 3326 11384 46477 14152 3804 1489 763 443 260 1934 1934 1781 1526 1304 960 1301 1808 2223 2948 3355 3659 3147 2819 2169 2065 2925 4084 5294 5439 1905 5665 27644 34801 6840 2192 916 519 298 174 2110 2125 1871 1658 1367 975 1254 1707 2307 2951 3467 3897 3743 3504 2774 1929 2830 4084 5222 5977 
3165 3703 3848 3411 2809 2185 1564 1140 946 654 1024 1162 1297 1351 1365 177 291 435 825 1527 3516 9552 25086 15733 5296 10041 8454 5133 2950 1711 3432 3860 3846 3307 2574 1877 1409 1019 805 547 1112 1292 1366 1447 1350 200 324 472 708 1234 2392 5911 17188 25183 9560 9447 10171 6831 3983 2356 3538 4098 4196 3773 3132 2423 1793 1269 944 761 1151 1267 1417 1408 1508 263 369 554 1017 1755 3927 10737 28121 18101 6067 11271 9455 5780 3343 1914 3900 4353 4177 3593 2866 2166 1475 1231 836 636 1275 1334 1470 1576 1537 175 296 413 667 1268 2498 6207 18557 27973 10074 10543 10837 7622 4312 2460 
3153 2947 2600 2079 1613 1297 958 791 602 456 788 873 950 973 1026 25 52 79 107 177 316 676 1894 10926 72727 25710 4549 1499 675 361 3324 3033 2573 2054 1499 1177 920 666 560 455 890 949 1046 1109 1063 47 53 76 108 206 330 539 1456 4885 52192 56607 11324 3018 1247 633 3424 3276 2880 2389 1845 1461 1112 855 645 542 847 1000 979 1094 1091 45 81 82 144 235 429 883 2624 13468 82848 28950 5732 1914 923 452 3628 3386 2858 2303 1761 1274 1035 780 645 445 940 998 1187 1152 1177 30 38 67 92 140 242 479 1225 4424 54633 60762 11541 2855 1147 562 
989 1318 1785 2216 2843 3278 3335 3040 2466 2036 1576 2206 2915 3533 3977 933 2279 7326 34871 18152 4214 1545 736 423 253 2133 2023 1843 1517 1278 1273 1671 2179 2750 3193 3536 3460 3030 2391 1782 1951 2619 3408 3930 4080 850 1767 4516 17871 40290 9107 2781 1284 668 381 2266 2332 2108 1815 1533 1132 1539 1935 2542 3225 3624 3774 3401 2934 2145 1802 2377 3303 3949 4387 1244 2870 8930 40133 21225 5115 1992 897 558 326 2476 2308 2002 1777 1466 1398 1755 2291 3009 3488 3943 3682 3240 2645 2035 2109 2962 3697 4406 4383 740 1634 4431 19037 42933 9410 2778 1138 606 339 2490 2407 2269 2015 1714 
518 706 1074 1492 2402 3603 5330 6922 6676 5080 3741 6013 8172 7991 5766 5622 8115 8454 6242 3899 2275 1377 980 647 465 1423 1483 1501 1422 1340 620 892 1272 1917 3045 4824 6519 7231 6104 4199 4793 7294 8407 6827 4579 4460 6853 8747 7752 5145 3024 1867 1197 835 574 1382 1482 1561 1511 1493 606 807 1162 1749 2645 4190 6156 7803 7594 5668 4141 6684 9036 8759 6246 6268 8990 9126 7039 4269 2783 1649 1083 798 528 1616 1614 1675 1597 1470 647 1019 1418 2311 3418 5283 7321 8265 6911 4688 5492 8145 9689 8018 5168 5058 7830 9833 8545 5733 3446 2019 1407 939 626 1601 1740 1700 1666 1594 
3079 4967 7088 7439 5713 3833 2349 1585 964 686 1547 1595 1566 1649 1538 663 970 1490 2374 3812 5833 7621 7123 5066 3285 4289 5876 6085 5139 3592 4435 6702 7980 7511 5049 3329 2116 1308 929 644 1691 1773 1757 1721 1654 623 912 1330 2049 3216 5312 7475 8308 6744 4403 3910 5575 6576 6157 4780 3769 5678 7926 8442 6412 4231 2707 1683 1158 767 1715 1766 1811 1816 1691 775 1117 1651 2624 4239 6500 8452 8066 5812 3700 5048 6502 6946 5571 4066 4681 7176 8990 7856 5521 3477 2228 1401 966 676 1702 1878 1961 1783 1702 662 915 1409 2240 3429 5529 8223 8696 7304 4867 4387 6140 7272 6791 5027 
5529 6375 5911 4120 2798 1717 1181 781 589 403 1049 1148 1189 1149 1104 363 524 731 1092 1667 2819 4843 7469 8657 6879 7321 14749 14303 7023 3207 6643 6904 5536 3788 2429 1653 1100 801 543 423 1190 1234 1339 1253 1110 350 452 704 974 1487 2340 4015 6588 9209 8971 5400 11854 18111 11399 5038 6353 7719 6849 4826 3166 2037 1362 957 659 507 1181 1272 1323 1317 1253 444 620 867 1232 2028 3276 5527 8441 10124 8171 8682 17143 16664 8016 3648 7433 7501 5770 3978 2592 1728 1152 796 545 418 1259 1396 1340 1327 1235 355 460 688 1020 1675 2522 4316 7044 9962 9684 5707 12815 19229 12026 5358 
3830 5944 7030 6892 4967 3285 2046 1340 886 641 1377 1558 1572 1539 1459 658 838 1307 1988 3291 5458 7925 8437 6478 4015 5390 7180 7481 5751 3715 5032 7008 7521 6176 4171 2736 1701 1138 850 592 1456 1670 1576 1602 1499 512 787 1105 1691 2696 4407 6858 8933 7954 5365 4434 6696 7936 7368 4815 4227 6217 8009 7473 5428 3469 2241 1456 1057 687 1549 1673 1774 1704 1645 658 927 1380 2255 3644 5940 8595 9247 7040 4552 5750 8089 8219 6354 4076 5528 7770 8216 6939 4593 2978 1856 1242 870 566 1645 1812 1711 1693 1582 560 797 1196 1867 2975 4821 7443 9592 8880 5953 5104 7252 8903 7824 5459 
394 564 787 1220 1838 3038 4759 7113 7976 6725 4519 8070 11468 9471 5517 6226 7495 6621 4717 3028 1955 1270 852 577 424 1234 1331 1328 1354 1285 564 728 1064 1615 2593 4196 6489 8558 8255 5892 6642 10831 11920 7896 4388 5610 7627 7867 6232 4079 2566 1690 1087 778 536 1266 1439 1446 1415 1363 477 658 914 1382 2157 3477 5603 7979 9284 7391 5251 9197 12735 10561 6314 6815 8531 7461 5258 3370 2176 1415 943 684 494 1409 1513 1506 1517 1396 575 784 1105 1753 2691 4449 7116 9218 8874 6418 7028 11697 12583 8530 4644 6193 8152 8474 6597 4283 2765 1782 1184 790 617 1459 1484 1485 1529 1514 
2782 19899 42753 4169 1195 510 282 139 93 56 1386 1278 1302 1158 1003 687 868 1086 1469 1920 2351 2780 3201 3128 2652 1562 2758 4925 8544 11159 7692 80239 12985 2672 976 480 286 167 100 70 1422 1462 1352 1147 1011 669 844 1088 1380 1789 2282 2890 3315 3318 3175 1383 2253 4033 7176 11103 3653 23358 48207 5464 1546 666 359 222 128 80 1569 1539 1399 1279 1107 741 958 1333 1652 2211 2657 3269 3523 3558 3081 1771 3001 5629 9823 12669 7105 83300 12601 2364 837 403 205 129 92 67 1624 1528 1413 1266 1120 661 891 1166 1507 1973 2441 3024 3542 3744 3456 1426 2383 4299 7791 11815 
254 339 521 822 1351 2316 4357 8814 13419 10652 7867 12851 11971 6297 3267 4669 5083 4407 3369 2463 1747 1198 810 611 471 1092 1137 1231 1216 1229 347 524 711 1140 1868 3391 6638 12176 13635 8302 11154 14199 9417 4893 2483 4447 5258 5160 4210 3110 2183 1506 1059 776 578 1074 1214 1296 1292 1347 308 391 609 912 1490 2590 4944 9863 14793 11750 8678 14343 12911 6954 3615 5166 5552 4948 3700 2720 1919 1354 926 731 498 1215 1317 1359 1371 1368 359 456 736 1169 1935 3706 7167 13148 14792 8876 11855 15377 10155 5133 2710 4799 5789 5637 4530 3215 2277 1571 1149 798 602 1275 1354 1458 1347 1383 
1734 4737 18201 31121 8252 2504 1136 568 319 231 1719 1656 1548 1398 1223 850 1132 1513 2014 2658 3168 3569 3453 3019 2383 2090 3254 4660 5763 5963 3243 9735 35041 17753 5096 1966 944 559 406 254 1771 1714 1614 1362 1250 794 1000 1482 1885 2498 3022 3529 3743 3448 2817 1857 2741 4027 5585 6309 2165 5784 21154 35280 9682 3210 1479 802 499 321 1961 1926 1771 1635 1404 928 1282 1739 2302 2984 3655 3913 3908 3482 2653 2437 3576 5211 6730 6716 3334 10625 37264 19196 5064 1934 937 525 297 212 1959 1848 1695 1592 1299 852 1159 1578 2128 2719 3437 3926 4015 3697 3103 2065 2952 4524 6159 7050 
748 1277 2551 5790 14633 21088 9789 3950 1847 960 2794 3122 2796 2390 1877 1673 2280 2916 3900 4110 4041 3428 2566 1962 1431 1894 2422 2811 2920 2879 1090 1951 3955 9852 21524 16543 6425 2851 1578 829 3122 3040 2730 2296 1752 1494 1987 2791 3590 4405 4347 3876 3166 2349 1738 1783 2277 2591 2937 3070 843 1497 2871 6396 16065 22765 10675 4338 2117 1136 3093 3191 3028 2539 2167 1724 2494 3291 4154 4644 4337 3642 2881 2021 1515 2061 2636 2881 3140 2950 1002 1878 3942 10180 22651 17505 6637 2889 1435 832 3433 3151 2927 2420 1938 1575 2144 3074 3947 4579 4681 4061 3407 2479 1800 1911 2458 3017 3175 3246 
1814 2270 2690 2896 2990 2708 2230 1735 1389 1051 1106 1435 1676 1860 2070 128 202 397 942 3110 27857 25304 2918 922 394 4087 3609 2761 2004 1401 2049 2669 2946 3138 2954 2589 2180 1625 1296 1039 1430 1557 1888 2008 2139 120 250 378 755 2028 8924 90517 8260 1939 790 4523 4081 3351 2417 1854 1990 2522 3106 3297 3350 3093 2601 2029 1519 1181 1341 1549 1892 2159 2294 159 289 505 1308 4103 33579 29742 3903 1280 531 4789 4101 3075 2240 1728 2366 2857 3492 3569 3490 2938 2393 1897 1471 1043 1533 1790 2135 2312 2375 108 169 302 689 1759 9078 100529 8261 1726 627 5028 4806 3742 2762 2018 
106 200 257 383 765 1413 3717 13246 39035 11473 11508 10680 6412 3463 1872 3440 3618 3494 2857 2241 1791 1335 965 777 575 1053 1230 1275 1356 1365 170 261 393 612 1189 2551 7126 29502 25954 6337 12328 8681 4904 2693 1635 3197 3782 3666 3358 2647 2044 1588 1192 878 728 1095 1182 1234 1378 1378 154 216 349 498 881 1804 4183 14931 42056 12783 12478 11249 6816 3681 2084 3673 3730 3527 2983 2304 1884 1365 1068 805 589 1082 1209 1326 1430 1421 142 209 338 573 1060 2509 7267 30480 27008 6611 13145 9402 5188 2854 1691 3345 3974 3840 3446 2885 2284 1714 1295 944 715 1138 1183 1335 1446 1466 
2815 3022 2924 2584 2160 1593 1313 991 758 588 857 996 1104 1184 1181 44 61 90 151 302 584 1811 10778 71983 4624 13027 6784 3263 1702 987 3044 3098 2978 2489 2011 1581 1157 924 734 521 940 1101 1207 1262 1299 47 60 84 171 261 566 1361 4644 57175 16696 15995 10452 5000 2563 1461 3244 3431 3306 2954 2441 1836 1433 1118 837 671 1018 1096 1232 1312 1371 61 98 130 193 374 817 2383 13447 82678 5997 14690 7629 3745 1977 1204 3387 3453 3152 2665 2217 1688 1258 936 842 590 1073 1238 1326 1393 1358 32 70 69 109 212 435 1167 4254 59475 16162 17169 11301 5211 2710 1491 
166 227 314 447 718 1259 2159 4637 10505 17652 12108 33612 12383 3649 1533 4371 4077 3153 2490 1826 1197 903 724 540 358 938 966 996 1097 1068 243 285 472 684 1021 1744 3470 7512 16193 17129 25994 26544 7265 2607 1283 4707 4705 3979 3058 2245 1622 1176 779 620 504 972 1049 1075 1081 1142 190 271 350 494 784 1316 2377 5046 11102 18791 13260 36352 13706 4164 1800 4557 4367 3533 2542 1778 1320 989 675 551 420 941 1054 1084 1158 1097 250 308 446 662 1032 1826 3560 7961 16799 17963 26549 28305 7275 2585 1231 5126 5024 4278 3259 2349 1655 1223 957 606 451 1033 1087 1174 1187 1135 
174 307 516 1370 5386 62363 13528 2304 753 349 3425 3250 2728 2258 1629 1712 2247 2786 3090 3186 3002 2440 2007 1557 1170 1491 1826 2147 2410 2715 273 523 1042 3078 17690 57132 5732 1701 706 348 3540 3124 2574 1997 1597 1627 2074 2577 3068 3300 3189 2872 2301 1848 1472 1418 1749 2110 2483 2649 227 385 691 1747 6304 66879 14934 2827 976 451 3582 3388 2853 2275 1713 1833 2321 2851 3161 3292 3038 2590 1978 1552 1205 1547 1949 2288 2482 2763 238 384 877 2702 17541 59488 5305 1300 552 294 3784 3347 2809 2121 1580 1772 2256 2812 3392 3568 3467 3100 2526 1967 1532 1512 1856 2336 2702 2778 
17283 18196 7741 3149 1519 913 542 338 253 177 1129 1100 1079 1042 956 475 568 791 1065 1554 2133 2891 3624 4311 4147 1575 3529 10604 29294 14894 21309 12642 5160 2445 1299 726 482 320 235 186 1146 1122 1061 1027 918 445 499 742 981 1367 1813 2602 3322 4171 4233 1183 2483 6292 20351 25913 18914 19989 8677 3671 1824 1035 618 444 327 216 1256 1227 1233 1093 1035 556 673 938 1180 1688 2307 3112 3984 4600 4587 1853 4003 12063 32818 16600 23192 13569 5481 2494 1363 715 447 312 212 157 1191 1197 1168 1106 1021 469 601 760 1049 1490 2102 2775 3709 4487 4834 1201 2462 6718 21903 28330 
87542 7608 1528 594 269 172 95 57 52 26 984 990 1027 900 803 480 555 670 1013 1281 1703 2098 2662 2964 3172 334 685 1731 7586 74431 29844 3764 1267 515 288 164 116 63 51 49 989 1023 910 920 750 388 500 663 870 1151 1464 1848 2380 2831 3226 314 619 1272 3978 26935 97407 9302 2132 864 393 213 141 79 67 44 1098 1035 965 973 836 472 615 800 1038 1336 1841 2370 2819 3319 3386 394 899 2190 9279 83918 32241 3494 981 456 226 149 91 66 24 37 1146 1175 1047 954 886 461 596 747 922 1253 1651 2225 2688 3209 3534 273 493 1137 3742 29200 
3809 5060 5542 4862 3805 2600 1653 1168 844 631 1164 1338 1352 1417 1337 456 605 907 1509 2603 4535 8261 11457 9018 5164 7265 9286 7825 4969 2847 4658 5708 5751 4654 3264 2196 1490 1107 742 567 1304 1432 1490 1526 1437 379 547 863 1271 2128 3742 6827 10830 11423 7505 6121 9126 9596 6713 3956 4465 5650 6132 5486 4113 2848 1948 1350 908 651 1311 1435 1579 1558 1506 453 700 1050 1784 2858 5222 9423 12891 10223 5958 8207 10292 8700 5574 3252 5452 6390 6180 5057 3543 2439 1666 1125 841 578 1436 1573 1666 1585 1568 440 621 860 1359 2231 4078 7372 11858 12623 8026 6749 9944 10498 7428 4382 
1317 1709 2649 3677 4765 5182 4735 3768 2626 1840 1995 2483 3093 3333 2982 1484 2555 5103 9724 13127 9376 4949 2587 1472 871 2547 2639 2553 2202 1904 1655 2317 3356 4648 5444 5623 4629 3335 2310 1654 2396 3008 3375 3296 3048 1284 2193 3979 7551 13047 13136 7496 3857 2180 1271 2626 2876 2936 2615 2278 1411 1994 2870 3947 5223 5784 5161 4003 2731 1964 2234 2689 3148 3401 3223 1716 2911 5468 10370 14284 10520 5560 3038 1629 1064 2933 2881 2738 2464 2143 1819 2446 3714 4967 5786 6050 5024 3618 2466 1790 2655 3235 3673 3655 3373 1288 2279 4122 8330 14073 13882 8156 4110 2292 1333 2899 3200 3056 2853 2422 
89 170 288 713 2656 38397 16103 1913 595 266 3630 3305 2731 2117 1632 1881 2287 2685 2976 3042 2751 2483 1935 1417 1111 1392 1691 2058 2356 2432 140 274 542 1594 8491 110942 5109 1212 491 204 3573 3159 2503 1908 1467 1523 2079 2495 2942 3068 2993 2554 2223 1776 1259 1309 1562 1927 2228 2366 119 168 385 920 3436 43011 18455 2391 750 286 3840 3645 2930 2276 1698 1922 2361 2874 3148 3290 2967 2522 1906 1556 1179 1523 1895 2165 2498 2648 108 233 488 1385 8094 120335 4769 1003 407 201 4121 3463 2802 2169 1582 1761 2295 2794 3316 3451 3263 2887 2377 1862 1497 1524 1798 2132 2481 2777 
372 541 732 1020 1413 1982 2819 3947 4637 4592 1668 3571 8746 19645 15805 14741 12764 6338 3049 1634 945 628 411 288 198 1139 1143 1093 1073 958 518 667 984 1285 1835 2509 3494 4596 5036 4807 2667 6181 15177 22499 10876 12604 16101 9930 4744 2492 1344 875 519 364 277 1169 1253 1177 1119 1099 459 624 839 1176 1637 2195 3116 4234 5198 5152 1934 4091 10139 22482 17859 16406 14130 7171 3598 1946 1066 698 479 366 250 1276 1216 1284 1175 1046 546 725 955 1396 1918 2716 3716 4808 5471 5118 2764 6167 15695 23803 11272 13163 17417 10434 5029 2532 1367 834 597 370 261 1266 1248 1303 1205 1148 
19081 22201 8392 3159 1479 882 483 339 214 161 1097 1109 1109 1047 1009 457 674 869 1211 1655 2219 2950 3599 4081 4054 1476 3290 9004 25650 18398 25344 14192 5256 2295 1221 708 451 309 200 144 1141 1117 1081 969 966 462 555 735 945 1323 1855 2561 3258 3891 4130 1197 2255 5259 16190 27692 20826 24154 8968 3644 1754 940 645 373 247 210 1221 1217 1188 1178 1052 555 682 888 1298 1696 2320 3032 3921 4480 4384 1659 3725 10044 27916 19986 29413 16335 5733 2480 1184 726 481 314 215 132 1318 1308 1225 1175 1096 481 667 838 1192 1535 2171 2916 3904 4477 4857 1308 2430 6033 18511 31451 
501 591 765 1014 1489 2071 2927 3749 4397 4599 1514 3175 7628 18488 19190 18528 15310 6729 3106 1538 898 550 380 223 180 1206 1190 1111 1149 1028 558 697 951 1283 1776 2513 3324 4248 4742 4390 2328 5020 12290 22759 13127 13902 19649 10635 4677 2239 1213 784 475 344 244 1279 1263 1216 1172 1077 508 622 841 1076 1587 2220 2970 3979 4643 4848 1699 3506 8257 19263 20327 19202 16332 7265 3373 1720 962 650 405 321 212 1294 1244 1157 1099 1057 538 734 1002 1350 1938 2675 3562 4606 4919 4690 2397 5377 13225 24264 14137 14669 21303 11618 4814 2375 1295 729 462 315 240 1298 1367 1300 1288 1135 
1037 1392 1834 2388 2946 3262 3271 2955 2537 1922 1549 2171 2817 3523 3933 868 2014 6443 31964 21786 4737 1699 750 411 233 2260 2089 1855 1611 1362 1247 1634 2164 2780 3179 3536 3289 2897 2338 1729 1951 2499 3231 3825 3847 741 1559 3951 14895 43991 10349 3020 1394 690 441 2265 2322 2066 1893 1529 1210 1562 2064 2690 3220 3593 3845 3382 2748 2141 1697 2467 3011 3849 4187 1136 2555 7685 36085 25095 5670 2073 1001 557 338 2493 2375 2142 1801 1464 1361 1836 2446 3061 3693 3849 3761 3199 2647 2038 2140 2801 3680 4315 4430 749 1472 3931 16005 48914 11208 2987 1217 615 377 2638 2551 2313 2014 1699 
289 492 931 2013 5688 22223 28744 7209 2401 1098 3787 3768 3336 2678 2040 2069 2617 3317 3541 3609 3134 2535 1936 1381 1088 1474 1835 2120 2317 2247 474 808 1642 3827 11936 39478 15562 4533 1829 942 4065 3888 3205 2385 1802 1869 2450 3211 3767 3953 3666 3004 2418 1784 1381 1562 1818 2097 2401 2495 414 620 1199 2429 6454 24636 31636 8144 2948 1401 4157 4146 3687 2790 2076 2242 2832 3611 3923 3895 3340 2678 2069 1591 1150 1672 2036 2330 2477 2484 456 771 1568 3741 12389 41895 16651 4579 1787 862 4536 4218 3466 2659 1992 2040 2750 3320 4009 4187 3828 3309 2473 1948 1420 1647 1957 2280 2525 2737 
348 726 1554 4916 30115 26367 4634 1498 615 332 2651 2596 2270 1928 1670 1421 1847 2325 2796 3154 3208 2876 2451 1881 1488 1690 2074 2642 3116 3187 636 1252 3168 12515 57410 11242 2975 1231 615 321 2863 2531 2342 1900 1469 1319 1718 2228 2845 3220 3426 3317 2803 2274 1778 1540 2012 2578 2988 3293 445 855 2007 5933 33438 29511 5500 1904 834 486 2934 2785 2456 2026 1717 1533 2106 2630 3134 3542 3614 3179 2609 2002 1560 1730 2326 2847 3313 3515 532 1110 2895 12694 60802 11093 2819 1031 513 287 3039 2778 2468 1918 1541 1364 1811 2452 2975 3465 3715 3447 2990 2464 1873 1708 2176 2787 3244 3684 
9706 9771 6387 3647 2003 1234 790 602 380 287 1008 1079 1096 1005 1013 389 516 724 1053 1541 2157 3377 4696 5769 5715 2891 8420 26691 17761 5420 11434 9134 5150 3026 1775 1115 767 525 370 280 1142 1177 1147 1097 1009 362 521 661 949 1311 1915 2906 4210 5505 6397 2236 5362 17427 30720 10698 10840 10917 7218 4136 2307 1391 948 615 443 324 1121 1120 1224 1151 1108 440 534 825 1105 1678 2413 3566 4908 6248 6123 3455 9651 29469 19859 6017 12139 9716 5695 3174 1806 1146 779 579 413 289 1197 1241 1247 1220 1069 385 557 752 983 1388 2063 3191 4539 6172 6889 2169 5695 18135 32906 10824 
12145 9885 5815 3037 1681 1029 662 447 329 242 1042 1091 1035 1034 942 416 484 678 905 1378 1997 2850 4076 5135 5561 1807 5376 29308 27304 5038 12718 8437 4519 2441 1455 907 575 401 293 231 1109 1102 1082 1060 938 358 494 624 850 1268 1808 2536 3620 4970 5831 1445 3336 12946 53815 12158 13345 11105 6330 3512 1854 1189 773 539 366 267 1128 1144 1094 1032 988 442 550 773 975 1515 2091 3247 4452 5778 5941 2075 6265 32620 31182 6100 13513 8749 4717 2427 1483 875 624 431 317 214 1132 1192 1185 1078 967 366 500 708 894 1275 1807 2780 3901 5226 6145 1226 3190 12884 56035 12248 
531 783 1197 1785 2811 4614 6824 7999 6762 4477 3974 5717 6796 6484 4642 4438 6695 7929 6684 4556 2847 1849 1092 784 548 1539 1598 1682 1575 1428 744 1003 1568 2419 3866 5916 8111 8070 6078 3794 4986 6806 7262 6040 4245 3901 5908 8084 7853 6144 3894 2356 1585 1072 683 1529 1696 1757 1750 1644 610 898 1303 2054 3240 5224 7497 8798 7603 5028 4388 6248 7634 7042 5238 5173 7460 8686 7370 5093 3181 2062 1349 919 615 1636 1808 1821 1791 1603 788 1160 1596 2638 4076 6359 8923 8582 6531 4196 5576 7481 7850 6404 4402 4154 6366 8704 8509 6393 4163 2657 1593 1136 779 1557 1798 1921 1898 1729 
694 945 1430 2136 3203 4739 6076 6306 5051 3659 3079 4442 5587 5802 4968 4069 7025 9802 9346 5867 3324 1980 1258 783 516 1632 1762 1775 1675 1480 821 1255 1728 2647 3758 5392 6270 5868 4352 3025 3799 5053 5984 5542 4225 3095 5418 8739 10221 7506 4554 2641 1629 998 675 1598 1726 1802 1698 1537 785 1088 1545 2267 3404 4912 6383 6434 5513 4018 3305 4744 6124 6297 5384 4473 7516 10719 9898 6462 3757 2168 1343 901 590 1804 1908 1944 1749 1652 897 1328 1979 2829 4234 5954 6924 6420 4752 3335 4187 5671 6586 6120 4709 3397 6018 9614 11169 8427 5025 2916 1649 1042 757 1859 1835 1946 1838 1745 
60 103 204 401 1006 4518 98924 8027 1517 470 4771 4234 3349 2419 1758 2159 2573 2956 3108 2862 2516 1958 1537 1201 907 1307 1583 1732 1967 2056 111 150 330 734 2508 17656 45975 3615 982 421 4777 3997 2960 2245 1492 2011 2435 2905 3232 3163 2923 2358 1856 1427 1093 1172 1479 1718 2011 2123 76 122 241 527 1263 5644 111316 9883 1751 606 5113 4751 3756 2610 1967 2350 2812 3251 3424 3180 2744 2204 1746 1360 1000 1386 1760 1914 2136 2163 95 137 279 638 2093 17197 46243 3189 798 347 4949 4297 3189 2270 1632 2156 2609 3087 3436 3360 3023 2562 1946 1539 1182 1346 1610 1939 2177 2240 
2235 3065 3756 4303 4191 3485 2738 1954 1434 1044 1388 1572 1754 2047 1961 476 744 1349 2606 6082 14915 19569 9062 3780 1895 4698 4744 3907 2921 2049 2648 3495 4097 4305 3957 3080 2364 1690 1203 887 1433 1811 1964 2012 2084 430 682 1171 2039 4066 9965 20613 14742 6063 2723 4750 5045 4407 3482 2489 2350 3262 4101 4483 4364 3660 2831 2090 1528 1093 1502 1647 1863 2181 2031 536 906 1483 3091 6548 16069 20952 9887 4189 2072 5173 5048 4196 3012 2249 3111 3869 4722 4857 4362 3452 2571 1906 1365 980 1687 1917 2153 2209 2183 463 687 1180 2081 4449 11069 22323 16075 6643 2848 5052 5528 4900 3879 2821 
71 90 166 240 332 666 1580 4270 19480 37588 21152 15278 5910 2578 1288 3559 3366 2939 2449 1828 1387 1059 796 617 481 905 1080 1074 1181 1149 113 163 262 399 629 1317 2756 9006 42723 17043 21820 9928 3951 1960 1091 3409 3441 3164 2695 2095 1609 1235 905 703 525 859 1015 1009 1128 1213 117 133 213 317 504 893 1893 5211 22390 41924 23380 17375 6684 2975 1549 3764 3739 3138 2540 1978 1565 1175 907 648 519 1055 1161 1245 1253 1272 115 144 223 308 573 1130 2774 9401 46582 18293 23803 10544 4209 2024 1078 3731 3836 3565 3016 2237 1778 1388 990 725 613 1019 1052 1140 1246 1273 
23194 29556 2566 782 308 186 89 60 42 28 1116 1118 1058 924 930 523 669 898 1200 1515 1985 2373 2887 3087 2999 799 1509 3627 11102 30388 112375 7878 1679 602 310 160 90 63 46 35 1107 1075 1041 914 841 463 584 793 997 1292 1737 2146 2643 3020 3134 775 1201 2556 6446 21013 25730 33398 3280 1008 465 242 119 89 41 29 1204 1154 1047 1005 931 519 693 911 1167 1478 1889 2475 2894 3213 3351 987 1838 4159 12182 31994 124326 7740 1511 549 221 131 93 63 35 23 1274 1137 1156 1108 960 565 669 875 1131 1457 1926 2461 2982 3409 3691 704 1326 2676 7102 23474 
80 123 246 349 760 1745 7377 66710 11507 2389 7362 6310 4528 2836 1824 2656 3146 3319 2953 2621 2052 1556 1208 974 713 1141 1322 1486 1589 1643 120 205 324 665 1374 3994 23693 42101 5371 1615 7211 5595 3725 2426 1530 2516 3074 3202 3262 2905 2478 1855 1477 1129 828 1062 1278 1434 1551 1636 116 164 267 465 922 2197 8854 74071 13564 2931 8050 6860 4952 3289 1997 2917 3431 3429 3261 2845 2262 1746 1318 1027 780 1240 1411 1552 1653 1751 112 166 293 552 1150 3663 24521 43570 5135 1509 7948 6018 3986 2621 1617 2776 3243 3614 3468 3156 2583 1994 1581 1138 881 1178 1373 1582 1763 1786 
723 1211 2571 5907 15219 19752 8949 3542 1652 903 2662 2860 2784 2415 1836 1696 2211 2974 3794 4150 4044 3349 2596 1939 1368 1836 2355 2821 2950 2904 1190 2072 4239 10559 22494 15563 6124 2747 1419 844 3093 2940 2724 2249 1767 1436 1995 2684 3620 4219 4331 3928 3065 2368 1687 1871 2294 2804 3094 3153 917 1564 3034 6851 17371 22776 10485 4245 1960 1115 3043 3175 2920 2597 2219 1837 2388 3248 4187 4589 4531 3705 2980 2163 1571 2162 2657 3126 3266 3130 1110 2036 4326 10990 23919 16493 6398 2793 1390 842 3172 3249 2848 2393 1885 1646 2113 2888 3832 4534 4683 4231 3463 2556 1861 1950 2469 2949 3304 3432 
2880 2982 2862 2347 1894 1482 1113 888 634 531 858 958 988 1146 1160 27 34 61 107 178 285 789 2857 51001 12670 17795 6248 2551 1220 707 3327 3075 2728 2219 1781 1344 1062 800 610 503 948 1018 1115 1187 1218 30 30 57 89 142 290 586 1768 9968 93839 25968 11300 4278 1941 1055 3085 3253 2963 2483 1985 1554 1157 943 791 586 889 941 1085 1095 1185 27 61 82 97 201 412 1010 3785 56061 14547 18893 6865 2870 1411 847 3503 3278 2766 2430 1865 1467 1055 866 656 526 972 1129 1176 1274 1276 25 32 57 89 140 233 517 1478 9398 100433 27674 11898 4429 1885 1015 
452 528 738 1007 1265 1792 2311 3143 3623 3814 926 1735 4284 13136 29211 29121 13513 4241 1781 893 519 347 205 155 101 1091 1084 1024 929 920 499 696 855 1159 1528 2072 2806 3452 3968 3829 1373 3013 7820 24406 21916 22127 24283 7875 2917 1386 786 493 304 217 126 1132 1110 1047 992 946 459 598 781 1012 1302 1837 2434 3226 3715 4066 1035 2117 4734 14481 31182 30935 14500 4750 2092 1109 605 397 252 196 134 1109 1177 1086 977 922 551 795 957 1249 1715 2235 3136 3713 4172 4211 1362 3113 8359 26514 23933 23904 26243 8370 3045 1341 731 463 268 197 121 1237 1247 1169 1095 1049 
2407 3037 3769 3996 3699 3011 2348 1759 1318 922 1321 1530 1707 1755 1869 340 586 1022 1867 4391 12178 25308 12533 4421 1901 5534 5244 4049 2898 1984 2771 3757 3958 4037 3498 2759 2098 1624 1135 873 1442 1614 1832 1957 1824 337 502 860 1568 3156 7682 20652 20895 7763 3068 5395 5780 4787 3508 2414 2604 3348 4111 4395 4123 3433 2600 1921 1406 1013 1437 1663 1832 1963 1979 453 681 1210 2255 4955 13617 27808 13761 5093 2201 5933 5670 4280 3215 2219 3040 3796 4389 4416 3933 2975 2192 1635 1166 947 1514 1806 1886 2043 2022 306 475 834 1555 3033 7962 21760 22451 8286 3185 5850 6118 5342 3801 2644 
1206 1977 3117 5316 8495 9229 6785 4121 2452 1471 2467 2853 2913 2739 2357 1663 2525 3779 5305 6410 5788 4626 3064 1909 1283 2392 2734 2926 2700 2425 1565 2605 4361 7250 9644 8715 5616 3331 1981 1266 2676 2856 2944 2608 2230 1396 2135 3105 4603 6243 6734 5472 3853 2588 1679 2134 2708 2919 3026 2798 1376 2192 3470 6065 9208 10110 7536 4549 2590 1731 2695 3035 3208 2972 2648 1758 2763 4185 5808 7113 6736 4946 3272 2222 1462 2552 3096 3110 3119 2616 1667 2842 4842 8008 10705 9602 6269 3621 2128 1341 3020 3293 3296 2993 2472 1564 2293 3398 5368 6926 7290 5999 4292 2821 1832 2427 2950 3166 3332 2987 
482 637 958 1439 2326 3706 6034 8456 8173 5926 4669 7446 9149 7666 4960 5479 7159 7128 5560 3519 2352 1593 926 674 505 1387 1514 1567 1487 1359 574 797 1164 1833 3061 4875 7329 8733 7068 4710 5828 8438 8846 6495 3919 4684 6327 7471 6503 4543 2883 1798 1256 842 584 1363 1412 1498 1507 1425 480 725 1069 1593 2540 4123 6596 9000 8874 6358 5143 7846 9929 8487 5565 5819 7686 7666 5995 3983 2519 1631 1089 795 530 1476 1554 1587 1590 1518 600 863 1312 2088 3152 5174 7974 9728 7958 5144 6481 9415 9831 6966 4304 4908 6966 8079 7099 4949 3204 2060 1418 955 639 1372 1617 1725 1642 1621 
345 520 924 1963 5271 18854 28663 8106 2767 1201 3929 3821 3330 2742 2005 2109 2701 3259 3679 3455 3073 2459 1805 1347 1091 1531 1793 1999 2239 2268 493 888 1613 3475 10821 34158 17160 5165 2119 1049 4265 3793 3243 2547 1803 1889 2471 3246 3802 3956 3574 2918 2303 1729 1312 1378 1714 2068 2300 2359 383 648 1160 2383 5989 20981 31466 9272 3265 1469 4220 4116 3706 2859 2130 2180 2841 3602 3881 3858 3392 2635 1981 1467 1130 1683 1905 2197 2345 2340 432 768 1539 3555 10991 36022 18064 5138 2019 949 4587 4191 3415 2726 1914 2041 2630 3378 4064 4080 3773 3152 2485 1806 1366 1611 1952 2187 2466 2600 
534 748 977 1240 1703 2274 3006 3661 4135 3887 1655 2939 5675 10826 13965 15059 26259 10810 3887 1683 881 534 320 211 177 1273 1290 1181 1153 1005 612 863 1080 1402 1937 2484 3315 3782 3941 3526 2192 3935 7871 13516 12132 8663 23783 18375 6452 2614 1325 710 488 335 215 1292 1263 1271 1166 1031 553 726 976 1330 1844 2492 3245 3950 4172 4030 1765 3141 5986 11549 14858 16400 28383 11819 4246 1965 1071 608 388 272 176 1394 1366 1370 1207 1060 685 932 1170 1631 2205 2814 3762 4247 4347 3883 2435 4473 8972 14538 13511 9599 26384 20462 6868 2748 1304 697 431 274 192 1435 1421 1459 1315 1196 
3333 6132 10479 11587 7701 4255 2270 1297 820 518 1590 1750 1759 1624 1553 759 1163 1679 2458 3587 4968 5817 5413 4287 3036 3540 5091 6330 6221 4794 4622 8260 11823 9971 5741 3248 1825 1079 745 521 1780 1783 1730 1602 1420 713 1034 1378 2068 3004 4295 5457 5824 5078 3801 2891 4295 5874 6441 5720 3603 6631 11160 12330 8032 4606 2472 1535 982 607 1718 1820 1800 1751 1575 845 1204 1729 2609 3736 5094 6168 5797 4688 3315 3830 5420 6656 6506 5276 5160 9399 13607 11389 6649 3669 2075 1234 793 603 1862 1979 2014 1824 1681 759 1082 1505 2244 3306 4830 6109 6765 5821 4336 3261 4916 6671 7418 6556 
2206 3386 4644 5781 5419 4392 3056 2033 1372 915 1585 1761 1882 1880 1843 727 1136 1894 3277 5790 9239 9937 6791 3819 2217 3925 4604 4218 3513 2676 3145 4378 5865 6380 5475 4044 2786 1828 1254 891 1821 1965 2124 2080 1927 758 1049 1621 2744 5015 8387 11217 9417 5743 3262 4067 4854 5046 4356 3404 2539 3690 5203 6596 6156 4904 3347 2301 1557 1051 1623 1988 2050 2152 2047 927 1326 2124 3777 6703 10224 11034 7606 4366 2447 4379 5076 4894 3914 2903 3249 4778 6285 6909 5887 4311 2908 1975 1291 906 1916 2174 2286 2258 2077 742 1123 1752 2923 5086 8993 12095 10102 6168 3407 4203 5194 5312 4749 3548 
1525 2053 2785 3389 3645 3507 3040 2370 1788 1350 1506 1833 2103 2385 2482 512 907 1948 5113 17068 27683 8662 2939 1326 730 3290 3158 2718 2126 1629 2082 2587 3230 3935 3971 3723 2962 2341 1734 1248 1697 2188 2478 2643 2755 525 848 1596 3394 10037 31313 18461 5610 2306 1149 3681 3582 3230 2627 2036 1713 2345 2982 3626 4076 3956 3230 2618 2089 1390 1615 1924 2366 2603 2679 670 1174 2403 5862 19401 31220 9985 3652 1631 870 3787 3421 2879 2359 1848 2044 2875 3514 4049 4369 3930 3276 2445 1833 1300 1938 2334 2759 2905 2814 463 793 1537 3621 10546 32990 19254 5701 2322 1049 3949 3932 3550 2778 2240 
132 209 306 417 747 1310 2372 5483 14095 20784 14722 24226 10136 3780 1657 4245 4045 3341 2574 1843 1376 980 783 588 420 954 1047 1128 1172 1094 206 289 432 670 1055 1808 3796 9471 20767 16427 23718 17836 6425 2685 1339 4319 4360 3771 3050 2244 1647 1191 877 674 528 941 1027 1106 1173 1173 183 250 327 504 850 1405 2732 6181 15460 22936 16533 26330 11062 4222 1946 4580 4188 3612 2792 2061 1478 1104 785 612 491 1006 1137 1190 1160 1184 166 306 425 656 1100 1913 4156 9941 22852 18160 25679 19618 6933 2886 1290 4489 4654 4253 3424 2558 1882 1346 906 705 587 1023 1126 1200 1296 1292 
883 1345 2005 2949 4360 5892 6399 5265 3723 2503 2590 3370 3908 3835 3466 2420 4173 6726 9165 8098 5192 3115 1851 1132 751 1958 2127 2097 1911 1662 1130 1720 2631 3968 5658 6858 6588 4893 3210 2112 3246 3899 4349 3983 3385 2093 3460 5818 9028 9889 7364 4321 2583 1652 1041 2089 2249 2283 2211 2000 968 1465 2104 3253 4772 6407 6721 5733 4032 2679 2864 3605 4231 4304 3770 2765 4607 7478 9986 8790 5776 3302 2025 1272 833 2094 2361 2278 2139 1869 1249 1810 2864 4149 6070 7248 6759 5101 3433 2266 3421 4025 4469 4306 3600 2131 3535 6231 9457 10425 7735 4673 2713 1621 1048 2208 2379 2476 2414 2009 
962 1364 2180 3766 6243 8694 8530 5894 3519 2090 2876 3493 3703 3421 2873 2250 3306 4976 6482 6768 5276 3578 2285 1566 1061 2069 2300 2292 2426 2069 1259 1919 3113 5131 7976 9645 7767 4821 2945 1858 3373 3840 3761 3342 2731 1842 2874 4362 6165 7208 6259 4795 3106 1921 1347 1989 2312 2504 2558 2331 962 1476 2401 4022 6785 9287 8960 6093 3814 2207 3038 3646 3756 3520 2989 2208 3492 5272 6940 7010 5551 3716 2462 1704 1146 2155 2442 2544 2394 2142 1191 1991 3310 5393 8413 9901 7965 5019 2949 1839 3394 4040 3980 3523 2829 1886 3029 4580 6537 7427 6938 4737 3185 1971 1415 2102 2394 2575 2663 2395 
1465 2527 4724 9105 13219 10111 5425 2843 1696 951 2207 2425 2272 2198 1900 1351 1896 2826 3996 4887 5435 4812 3649 2620 1775 2585 3238 3559 3609 3178 2001 3580 6873 11990 12952 7799 4001 2251 1302 866 2521 2543 2495 2100 1831 1144 1746 2405 3496 4507 5470 5362 4381 3322 2316 2313 2882 3454 3735 3528 1621 2816 5138 9833 13943 10764 6010 3091 1756 1103 2485 2595 2569 2418 2038 1402 2004 2960 4324 5416 5905 5064 3934 2803 1938 2666 3465 3914 3877 3480 2222 3881 7533 13176 13840 8549 4434 2317 1408 874 2672 2832 2708 2388 2060 1266 1781 2629 3825 5213 5973 5954 4774 3494 2434 2527 3314 3894 4146 3878 
888 2090 7834 50134 14837 3090 1096 526 256 191 1940 1849 1701 1536 1301 962 1253 1781 2240 2793 3146 3300 3134 2678 2110 1878 2761 3860 4706 5112 1644 4524 22391 42186 6843 2180 979 517 291 203 1981 1876 1740 1426 1235 914 1191 1561 2066 2614 3249 3551 3515 2967 2498 1778 2440 3412 4576 5400 1114 2645 9528 56250 16804 3826 1460 694 402 211 2150 2033 1846 1700 1439 1095 1479 1958 2509 3161 3514 3618 3566 2961 2303 2093 3004 4105 5443 5661 1432 4400 22932 44051 6812 1968 885 414 246 172 2118 2076 1852 1561 1335 935 1332 1747 2226 2890 3487 3764 3602 3198 2643 1785 2603 3722 4781 5672 
316 419 625 870 1381 2279 3627 6059 8442 8462 4926 10978 17526 10981 4855 6467 6634 5115 3429 2273 1430 966 669 562 354 1142 1151 1151 1188 1063 369 535 806 1169 1887 3019 4886 7589 9146 7425 7801 16190 16126 7677 3590 6269 6934 6273 4428 2906 1886 1310 885 628 466 1136 1117 1256 1324 1213 379 488 669 1014 1605 2476 4016 6731 9551 9372 5562 12327 19604 12341 5562 7485 7368 5652 3995 2444 1669 1172 789 603 428 1221 1340 1349 1293 1238 418 612 906 1334 2043 3235 5578 8546 10127 8498 8598 17546 17854 8581 3856 6811 7945 6900 4872 3238 2095 1417 918 678 512 1254 1317 1325 1336 1294 
1761 13395 51732 3042 813 331 178 110 58 48 1457 1297 1220 1155 1060 678 850 1101 1460 1897 2366 2763 3090 2969 2711 1609 2567 4587 7919 10964 5036 88033 11003 1893 690 303 160 104 80 39 1385 1387 1235 1134 978 617 780 1035 1403 1784 2187 2678 3057 3099 2894 1267 2043 3434 6268 10055 2321 16323 59419 4213 1111 477 246 135 105 47 1534 1567 1358 1259 1080 730 1012 1261 1643 2077 2633 3123 3392 3290 2813 1778 2863 5197 8917 11966 4438 95269 10429 1659 570 258 130 77 66 37 1579 1440 1382 1249 1051 701 888 1183 1534 1896 2452 2989 3442 3475 3245 1351 2360 3862 7092 11149 
