833 1454 2792 6375 15383 19539 9046 3797 1792 998 2795 2963 2731 2385 1950 1677 2274 3077 3793 4287 4226 3465 2721 1940 1522 2066 2486 2772 3093 2924 1072 2088 4257 10020 20653 14524 5818 2707 1393 819 2827 2883 2608 2174 1724 1415 1927 2664 3536 4047 4304 3880 3161 2253 1670 1795 2279 2708 2929 2962 921 1554 3029 6856 16971 21418 9958 4280 2074 1108 3108 3230 3054 2652 2195 1708 2440 3474 4283 4739 4646 3847 2993 2096 1548 2140 2702 2989 3312 3158 1183 2193 4507 11430 23193 16083 6665 2906 1469 859 3223 3220 3002 2496 2009 1608 2196 2917 4015 4891 5014 4493 3630 2783 1915 1988 2543 3060 3411 3476 
1043 1509 2165 2933 3961 4548 4600 3790 2875 1972 2072 2671 3181 3613 3364 1696 3243 6595 13093 14034 7518 3596 1889 1030 657 2391 2388 2236 1993 1615 1298 1971 2703 3758 4590 4994 4463 3428 2635 1809 2439 3035 3569 3704 3351 1396 2592 4874 10299 15942 11610 5561 2782 1547 916 2414 2563 2422 2239 1825 1163 1627 2366 3171 4297 5189 4941 4096 3151 2259 2184 2877 3421 3881 3754 1920 3633 7170 14339 15140 8283 4120 2138 1226 758 2445 2596 2414 2097 1820 1545 2041 3029 4182 5093 5485 5130 3925 2813 2040 2709 3399 4029 4172 3832 1547 2672 5436 11439 17955 12645 6007 2982 1590 955 2654 2807 2612 2446 2068 
2367 3138 3743 3947 3875 3250 2456 1869 1349 977 1313 1545 1680 1935 1855 363 611 1052 2037 4623 13486 25089 11737 4302 1880 5434 5095 3958 2859 2020 2744 3536 4008 4094 3573 2890 2232 1633 1183 841 1463 1679 1822 1918 1953 329 562 853 1546 3259 8416 22278 20039 7209 2924 5305 5475 4654 3504 2418 2566 3389 3932 4369 4080 3405 2752 1924 1418 1097 1382 1645 1879 2003 2047 477 755 1251 2514 5346 14665 27370 12874 4707 2168 5731 5411 4413 3069 2133 3168 4049 4649 4715 4139 3280 2503 1813 1292 973 1628 1922 2142 2212 2088 319 575 916 1674 3534 9123 24821 22432 7883 3210 6027 6199 5271 3995 2773 
4466 6412 7157 6060 4282 2790 1797 1181 795 534 1253 1335 1456 1462 1403 493 694 1090 1754 2790 4521 7124 8711 7491 4947 6101 8713 9078 6381 3833 5754 7287 7010 5465 3661 2256 1542 1026 701 551 1420 1410 1627 1440 1342 464 640 1017 1394 2268 3678 5995 8560 8812 6180 4814 7799 9657 8326 5321 4943 6917 7766 6686 4569 3006 1867 1310 887 620 1392 1500 1612 1552 1468 578 860 1194 1805 2971 4889 7740 9403 8334 5484 6564 9698 9799 7084 4174 6258 8061 7861 5963 3908 2522 1639 1093 756 556 1593 1560 1645 1625 1495 519 720 1034 1551 2455 4018 6627 9438 9849 7073 5312 8719 10973 9322 5861 
12490 54540 8849 2198 846 423 253 153 101 70 1135 1159 1161 1059 898 510 660 929 1243 1655 2068 2603 3131 3367 3259 1325 2487 5436 13121 19863 37983 25257 4713 1670 755 422 261 151 111 80 1277 1191 1095 1093 952 482 634 823 1147 1408 1926 2465 2887 3398 3448 1021 1836 3788 8898 18868 14227 60044 10251 2798 1069 560 345 211 146 116 1264 1289 1227 1090 1018 575 775 1015 1319 1825 2323 2957 3288 3632 3413 1419 2720 5835 14423 21486 39711 26529 4600 1512 661 342 234 134 105 75 1349 1296 1212 1117 1000 536 701 989 1168 1544 2117 2590 3324 3638 3728 1043 1966 3826 9528 20944 
3577 9212 22674 16109 5701 2397 1220 661 400 281 1549 1676 1483 1371 1234 822 1059 1430 1960 2530 3424 3852 3945 3524 2928 2460 4093 5870 7619 7477 5925 16116 23618 10160 3929 1792 1040 597 396 287 1618 1565 1432 1303 1174 673 917 1221 1676 2262 2906 3779 4065 3898 3447 2022 3284 5034 7205 7781 4141 10593 25440 18063 6772 2797 1435 849 523 338 1707 1721 1651 1471 1303 822 1173 1560 2129 2856 3631 4416 4645 4032 3296 2752 4440 6737 8643 7967 6553 18057 26774 11250 4340 1950 968 624 371 265 1834 1855 1702 1443 1343 790 1073 1337 1840 2536 3448 4306 4672 4587 3964 2299 3618 5958 8242 8937 
785 1088 1462 2003 2740 3610 4073 4207 3661 2927 2146 3138 4347 5424 5449 3363 8200 18064 16115 6746 2942 1472 792 524 341 1789 1728 1643 1621 1258 936 1349 1827 2488 3391 4083 4601 4271 3464 2642 2706 3930 5221 5893 5535 2668 5500 13226 21047 11484 4771 2172 1199 724 478 1832 1904 1820 1697 1454 855 1131 1643 2198 3026 4005 4457 4634 4041 3171 2315 3422 4691 5952 6089 3899 8826 19720 17954 7685 3366 1728 983 580 383 1947 1922 1813 1597 1469 980 1372 1944 2790 3731 4326 4759 4602 3755 2847 2908 4224 5689 6322 5772 2618 5639 14331 22287 12193 5000 2363 1270 710 459 2016 1956 1971 1675 1635 
1642 2251 3213 4327 5221 5111 4071 3069 2102 1472 1787 2175 2477 2546 2537 1081 1817 3400 6479 11110 11939 7278 3918 2100 1148 3064 3234 3129 2596 2044 1895 2711 3845 4945 5355 4933 3622 2548 1764 1276 1964 2414 2571 2548 2388 981 1556 2461 4754 9017 13012 10052 5485 2905 1612 3012 3145 3245 2789 2356 1710 2534 3566 4968 5721 5731 4606 3253 2344 1573 2099 2461 2771 2869 2779 1225 2058 3830 7376 12487 13408 8135 4234 2346 1332 3487 3501 3341 2901 2249 2216 3220 4570 5749 6217 5632 4320 3004 2107 1430 2359 2815 3061 3104 2921 1013 1749 3032 5654 10424 14898 11604 6318 3341 1930 3406 3837 3847 3523 2761 
1424 2735 6348 15629 19595 8598 3452 1720 912 524 2042 2101 2028 1916 1465 1112 1569 2081 2872 3651 4116 4010 3432 2588 1908 2290 3033 3667 4201 3988 2144 4414 10746 22144 14798 5867 2625 1372 824 521 2286 2324 2027 1849 1591 1068 1418 1984 2721 3500 4250 4490 3900 3227 2399 2088 2797 3646 4290 4477 1608 3042 7110 17337 21646 9625 3920 1900 1097 682 2257 2332 2231 2060 1772 1241 1837 2362 3099 4035 4537 4439 3759 2920 2143 2450 3410 4190 4525 4352 2177 4599 11568 23753 15760 6052 2712 1381 786 484 2464 2382 2158 1879 1629 1106 1548 2127 2821 3682 4475 4675 4337 3304 2575 2238 3018 3867 4683 4596 
4348 8971 14319 11200 5765 2801 1567 950 567 429 1490 1546 1487 1432 1348 673 974 1337 2009 2685 3657 4722 4801 4343 3271 3163 5122 7084 7820 6082 6586 12664 14553 8605 4430 2316 1331 837 552 385 1602 1553 1572 1424 1244 657 877 1152 1651 2428 3297 4447 5112 4870 3981 2640 4191 6484 8313 7614 4806 9845 15861 12401 6433 3194 1767 1073 666 490 1589 1627 1599 1546 1458 813 1141 1512 2118 3012 4104 5053 5421 4864 3601 3541 5563 8150 8709 6834 7081 13685 15836 9535 4556 2444 1347 856 546 368 1738 1766 1711 1537 1389 704 934 1315 1825 2655 3731 4815 5593 5387 4386 2942 4635 7119 8933 8162 
1179 1682 2427 3479 4936 5844 5632 4334 3057 2082 2326 2872 3380 3520 3201 1847 3285 5950 9687 10656 7492 4220 2322 1362 862 2325 2482 2516 2303 1826 1461 2076 3132 4462 5895 6131 5370 3919 2617 1789 2659 3435 3652 3749 3123 1598 2743 4816 8229 11583 9770 6063 3227 1911 1195 2301 2623 2562 2511 2077 1211 1785 2529 3709 5233 6289 5929 4453 3249 2216 2466 3008 3585 3735 3315 2088 3609 6388 10179 11387 7897 4565 2510 1486 904 2519 2672 2549 2336 2046 1527 2327 3314 4834 6214 6818 5699 4213 2956 2025 3018 3581 3978 3984 3484 1674 2797 5112 8793 12489 10867 6465 3540 2019 1217 2633 2841 2918 2588 2368 
1794 2498 3353 4138 4810 4328 3439 2488 1902 1320 1639 1944 2155 2409 2352 778 1364 2424 5171 11935 17827 10757 4681 2308 1211 3671 3684 3356 2548 2042 2180 2943 3816 4590 4630 3975 3052 2215 1591 1189 1719 2108 2404 2448 2296 723 1095 1954 3695 8100 16303 15292 7460 3467 1772 3613 3867 3705 3006 2414 1857 2601 3562 4298 4840 4426 3732 2777 1906 1400 1705 2056 2354 2564 2592 884 1525 2710 5679 12566 18978 11677 5226 2648 1422 3909 3924 3421 2773 2051 2503 3258 4366 5371 5208 4596 3533 2518 1799 1284 2131 2511 2678 2828 2756 737 1128 2033 4045 8872 18475 17621 8397 3742 1932 4043 4245 4034 3411 2661 
973 1422 2196 3321 4776 6291 6374 5214 3620 2272 2733 3260 3817 3952 3352 2357 3905 6419 8959 8650 5832 3496 2125 1251 833 2166 2305 2339 2122 1835 1252 1825 2770 4363 6050 7182 6461 4573 3079 1985 3202 3842 4216 3956 3273 1990 3202 5469 8515 9782 7801 4830 2890 1761 1115 2158 2424 2362 2289 2136 1082 1502 2444 3528 5309 6931 7195 5673 3849 2489 2824 3643 4112 4098 3713 2531 4228 6835 9798 9362 6437 3808 2247 1450 945 2347 2508 2394 2269 2045 1325 1967 2943 4625 6302 7437 6644 4859 3220 2100 3134 3974 4269 4202 3486 2000 3337 5571 8786 10262 8289 5081 2903 1860 1161 2174 2386 2530 2507 2172 
554 689 1006 1312 1678 2276 2804 3356 3492 3359 1401 2511 4459 8341 12168 11805 40802 12690 3311 1357 664 357 243 127 116 1369 1307 1180 1080 971 646 845 1164 1459 1979 2577 3177 3525 3528 3126 1848 3412 6353 10656 11965 6288 26520 27778 6693 2345 1044 602 354 229 175 1376 1329 1284 1163 1075 551 775 1025 1459 1842 2392 3052 3600 3818 3689 1639 2798 4983 9129 13174 13445 44839 14184 3970 1654 829 464 353 212 153 1393 1419 1295 1229 1086 735 916 1214 1708 2247 2882 3608 3937 3964 3616 2082 3649 6861 12130 13405 6708 29101 30830 7037 2307 1049 527 296 187 145 1483 1497 1430 1301 1225 
442 545 709 859 1157 1440 1938 2430 2923 3026 354 675 1415 4568 24336 47865 3553 1008 411 190 124 74 52 47 27 1033 1005 860 862 819 491 603 759 972 1330 1722 2197 2718 2994 3129 572 1186 2866 10228 53039 81000 11466 2177 766 351 196 121 85 52 46 1037 964 928 936 866 404 566 723 936 1171 1598 2071 2660 3027 3354 464 842 1749 5390 27051 52996 4620 1311 611 297 149 109 74 43 33 1098 1065 990 893 870 508 647 832 1115 1494 1841 2447 2931 3325 3367 534 1041 2714 10474 57715 86602 11338 1928 633 293 159 108 63 53 20 1177 1101 1099 1010 918 
315 458 710 1259 2663 6534 17742 19302 7949 3140 5244 5573 4651 3563 2323 2785 3494 4019 4020 3391 2567 1971 1449 1094 784 1407 1509 1763 1714 1734 467 703 1068 2066 4551 11568 23974 13930 5319 2322 5892 5432 4194 2996 2066 2519 3207 3991 4256 3776 3098 2350 1767 1260 945 1306 1463 1652 1773 1785 368 551 892 1579 3228 7680 19733 22438 8919 3523 5894 6146 5362 3943 2788 3074 3980 4498 4365 3776 2973 2188 1655 1178 869 1527 1808 1877 1943 1999 429 649 1080 2089 4852 12379 25841 14648 5474 2469 6294 5971 4782 3307 2253 2771 3598 4297 4506 4257 3565 2578 1862 1447 1069 1463 1603 1883 1965 1965 
390 553 775 1146 1722 2949 4902 7544 8860 7294 5011 9116 12032 8971 4985 6108 6873 6078 4321 2964 1839 1257 835 611 465 1265 1281 1342 1327 1270 408 650 962 1420 2432 3748 6360 8806 8771 6037 6901 11174 11096 6967 3735 5181 6540 6876 5383 3586 2267 1503 1014 778 545 1170 1256 1361 1295 1238 426 614 817 1279 1944 3041 5298 8197 9740 7875 5634 9740 12858 9787 5412 6482 7579 6658 4765 3208 1946 1326 965 673 405 1293 1442 1452 1406 1325 460 743 1002 1601 2591 4462 7125 9994 9585 6794 7879 12598 12482 7848 4122 5857 7659 7564 5966 4100 2611 1725 1179 830 616 1350 1464 1479 1521 1479 
4516 4089 3416 2570 1820 1376 909 718 533 384 877 934 982 963 981 164 244 311 475 765 1271 2465 5445 12197 17223 27238 29185 4830 1532 651 4379 3883 2923 2161 1556 1117 840 636 455 387 890 977 1017 976 967 173 230 294 430 695 1050 1912 3902 8509 16629 10969 54776 11551 3030 1209 4758 4604 3859 2737 2041 1448 1020 761 607 421 910 961 1046 1091 1121 232 280 436 594 964 1590 2843 6029 13360 19016 30681 32301 5760 1938 860 5408 4644 3651 2535 1878 1394 1005 788 537 436 1067 1116 1147 1158 1164 177 233 338 503 714 1210 2134 4405 9849 19818 12051 64718 12897 3067 1148 
1562 2487 4393 7310 9799 8635 5464 3237 1970 1172 2212 2445 2529 2310 2114 1415 2030 3101 4454 6116 6587 5489 3889 2588 1716 2861 3317 3481 3337 3049 2015 3383 5705 8829 9750 7168 4275 2611 1498 1001 2400 2580 2543 2263 2011 1155 1662 2451 3814 5318 6548 6218 4635 3261 2084 2417 3119 3505 3586 3180 1737 2789 4798 7801 10489 9327 5818 3488 2086 1270 2374 2657 2707 2548 2361 1514 2151 3276 4917 6639 6915 6036 4218 2821 1899 2968 3560 3852 3646 3086 2282 3856 6521 10011 11068 7942 4734 2721 1721 1071 2752 2934 2859 2610 2259 1259 1821 2846 4412 6097 7302 7170 5384 3624 2356 2810 3512 3992 4032 3638 
2109 8087 57417 12460 2702 998 499 274 172 108 1492 1483 1440 1240 1134 724 1007 1289 1683 2218 2696 3079 3364 3219 2552 1926 2970 4854 7278 8341 4374 23768 39670 6077 1863 879 457 290 189 109 1429 1483 1381 1145 1107 672 865 1133 1538 2024 2538 3018 3353 3347 2936 1446 2443 3974 6156 8490 2614 9741 65005 14861 3355 1306 630 381 214 147 1643 1596 1464 1377 1279 871 1110 1415 1808 2378 3026 3433 3596 3378 2877 2073 3389 5443 8163 9255 4312 25822 43946 6045 1745 748 388 244 160 94 1765 1659 1551 1407 1174 798 981 1289 1767 2349 2966 3542 3879 3792 3353 1788 2774 4508 7131 9524 
2910 5887 11094 13622 8604 4306 2283 1186 804 493 1628 1706 1707 1645 1498 848 1143 1686 2411 3323 4411 5084 4678 3818 2742 3131 4363 5750 6097 4937 4360 8905 14097 11841 6448 3298 1826 1122 675 457 1731 1715 1641 1565 1424 716 1031 1479 2133 2898 4076 5005 5266 4380 3431 2686 3907 5476 6146 5781 3360 6710 12501 15334 9664 4738 2561 1438 914 566 1834 1887 1815 1730 1611 929 1343 1907 2688 3749 4746 5574 5206 4379 3073 3506 4918 6503 6608 5302 4745 9470 15111 12920 6808 3628 1914 1124 683 491 1964 1986 1944 1694 1541 835 1151 1610 2305 3317 4478 5460 5714 4965 3731 2832 4290 5865 6806 6377 
410 540 769 1087 1639 2486 3831 5587 6895 6398 3629 7375 13738 13023 7063 7975 8690 6490 4143 2458 1584 976 731 470 346 1231 1264 1213 1224 1150 491 686 949 1378 2020 3225 4870 6869 7168 5882 5389 11140 15501 10403 5015 6842 8876 8111 5481 3262 2007 1361 825 632 418 1167 1277 1268 1316 1240 391 594 856 1222 1777 2713 4163 6077 7428 6812 3912 8100 14927 14484 7736 8552 9345 7095 4500 2727 1655 1055 790 529 392 1275 1348 1362 1281 1224 506 727 1029 1531 2344 3650 5534 7453 8228 6633 6040 12266 17455 11504 5756 7883 10123 9035 6196 3712 2372 1451 990 664 470 1383 1422 1570 1466 1305 
1181 1609 2059 2588 3023 3306 3321 2843 2417 1775 1551 2006 2557 3108 3316 441 991 2942 15457 55891 6696 1659 686 340 218 2649 2484 2074 1713 1452 1339 1746 2308 2966 3114 3386 3059 2450 2107 1525 1740 2320 2918 3297 3515 466 897 1971 6572 50487 19073 3669 1295 650 316 2746 2509 2288 1928 1537 1345 1735 2286 2864 3290 3599 3538 3094 2453 1968 1690 2114 2698 3375 3666 598 1302 3498 17457 61485 7849 2269 888 479 288 2783 2635 2213 1847 1485 1518 1908 2532 3014 3540 3590 3194 2705 2210 1704 1808 2424 3046 3523 3748 344 666 1711 6389 53222 18873 3392 1091 525 288 2719 2769 2428 2064 1662 
3342 28708 26191 3153 950 434 211 143 94 46 1283 1304 1212 1152 1005 632 752 1039 1427 1794 2244 2818 3035 3102 2676 1530 2577 4638 8808 12051 9724 85576 9199 2147 814 412 238 133 93 66 1438 1299 1181 1112 921 612 747 1023 1304 1672 2203 2748 3128 3235 3176 1228 2088 3792 7170 11880 4252 32414 29591 4054 1337 572 312 215 118 79 1471 1369 1312 1197 1032 683 856 1180 1508 1873 2422 3023 3269 3217 2968 1662 2904 5128 9688 13025 9533 92223 8850 1878 670 334 209 108 83 53 1491 1392 1399 1235 1068 630 853 1032 1477 1896 2439 2963 3505 3575 3344 1390 2286 4178 7772 13039 
11850 10222 5740 2908 1621 1041 636 414 329 236 962 986 980 1012 928 333 494 711 932 1283 1929 2856 3753 4835 5050 1672 4888 24648 29397 5549 13209 8535 4582 2462 1400 877 578 400 297 213 1092 1122 1159 1022 956 374 472 643 860 1219 1781 2537 3759 4925 5660 1336 3257 11665 49994 13680 13666 11583 6548 3392 1955 1213 758 506 384 285 1113 1151 1150 1037 1051 452 585 824 1055 1478 2222 3113 4437 5286 5957 2157 5949 28283 33867 6926 13860 8767 4836 2507 1486 838 577 397 288 200 1133 1202 1089 1079 1009 389 505 658 898 1273 1831 2694 3715 5031 5938 1193 3034 11593 51674 13430 
32 38 89 155 292 758 2749 49645 12125 1547 7939 6308 4145 2560 1572 2629 2895 2972 2799 2349 1898 1436 1115 866 640 1076 1222 1317 1503 1484 58 67 122 246 567 1621 9177 98460 4264 1028 7897 5538 3606 2204 1461 2535 2969 3261 3073 2678 2246 1823 1276 1042 795 1097 1220 1340 1468 1555 36 70 100 184 362 890 3498 54743 14223 1953 8574 6882 4496 2880 1706 2805 3181 3214 2979 2400 2065 1630 1179 849 700 1172 1300 1476 1676 1624 42 67 129 194 469 1483 9098 103528 3914 846 8340 5927 3837 2318 1454 2811 3259 3445 3360 2960 2456 1898 1426 1114 819 1106 1302 1431 1631 1687 
1505 2571 4577 8017 11145 9334 5495 2976 1812 1087 2249 2409 2551 2267 2055 1339 2011 2910 4255 5544 5863 4971 3745 2532 1782 2581 3236 3661 3438 3187 2076 3634 6314 10375 11302 7775 4356 2448 1451 974 2430 2637 2526 2305 1951 1231 1628 2446 3695 5124 6170 5803 4624 3237 2158 2448 3036 3587 3654 3455 1629 2794 4905 8564 11925 10145 5957 3319 2005 1225 2334 2677 2694 2468 2187 1394 2160 3181 4605 5793 6255 5543 4001 2682 1820 2897 3472 3801 3806 3236 2229 3759 6893 11108 12030 8265 4560 2536 1559 966 2608 2821 2725 2483 2071 1210 1800 2698 4014 5564 6697 6106 4988 3422 2320 2684 3267 3896 4011 3640 
324 599 1091 2252 6173 20397 26034 8035 2842 1214 3978 3859 3379 2708 2081 2078 2750 3315 3764 3800 3264 2533 2001 1499 1132 1617 1908 2220 2391 2306 557 903 1703 3873 11416 31229 15233 4779 2036 1118 3896 3669 3084 2395 1724 1814 2492 3145 3681 3786 3532 2905 2247 1718 1249 1420 1798 2030 2269 2277 426 703 1267 2648 6937 22370 28039 8907 3294 1474 4174 4150 3714 2987 2166 2239 2884 3795 4149 3985 3492 2804 2123 1516 1168 1611 2039 2263 2530 2413 527 892 1701 4067 12200 33523 16614 5099 2046 1042 4535 4117 3450 2658 1933 2024 2705 3432 3907 4261 3815 3288 2605 1867 1394 1577 1883 2216 2456 2603 
1697 2315 2881 3473 3562 3318 2877 2339 1656 1278 1438 1668 1896 2234 2396 415 681 1389 3354 11461 37733 13137 3724 1536 730 3946 3484 2954 2284 1653 2073 2666 3170 3667 3504 3214 2605 1992 1544 1075 1667 1832 2224 2375 2392 363 583 1196 2323 6578 25218 28644 7204 2633 1207 3786 3841 3278 2612 1959 2015 2529 3320 3772 4014 3720 3157 2501 1812 1508 1521 1883 2261 2502 2526 526 950 1666 3906 13257 42338 14967 4283 1847 921 4194 3805 3289 2443 1862 2271 3073 3689 4113 4070 3528 2974 2298 1656 1260 1776 2129 2524 2722 2747 333 580 1068 2328 6736 27521 31012 7522 2549 1096 4321 4359 3795 2937 2186 
646 1114 2185 4718 11794 21366 11990 4743 2115 1092 3036 3100 2913 2550 2006 1758 2493 3145 3797 4160 3870 3233 2458 1733 1275 1822 2322 2591 2680 2826 946 1692 3297 7818 18483 18721 7926 3389 1655 920 3183 3164 2836 2326 1878 1544 2158 2871 3628 4314 4341 3608 2932 2160 1546 1763 2117 2436 2743 2806 800 1329 2445 5229 13420 23260 13326 5358 2351 1306 3295 3574 3193 2787 2272 1945 2650 3522 4246 4585 4259 3574 2721 2006 1433 2064 2474 2764 2911 2774 962 1723 3391 8106 19660 19555 8098 3301 1659 951 3452 3435 3025 2484 1940 1650 2294 3158 3954 4565 4513 3996 3051 2183 1703 1803 2290 2633 2957 2988 
1153 1806 3195 5829 9881 10964 7577 4174 2415 1394 2613 2766 2906 2587 2243 1615 2402 3451 4871 5660 5372 4194 2945 2017 1368 2249 2717 2930 2922 2585 1455 2510 4512 8292 11628 10504 6092 3304 1909 1203 2888 3108 2903 2551 2245 1377 1998 3119 4274 5694 5991 4985 3755 2555 1722 2216 2596 2954 3206 2849 1268 1946 3351 6027 10518 11828 8054 4434 2494 1492 2756 2999 3035 2801 2320 1771 2609 3881 5086 6069 5827 4459 3146 2049 1509 2383 2810 3055 3085 2732 1541 2701 4982 8700 12780 11185 6589 3582 2043 1270 3048 3291 3195 2764 2331 1538 2248 3375 4859 6127 6505 5576 4072 2839 1898 2342 2801 3141 3425 3206 
2896 5231 9262 11880 9078 4946 2790 1570 970 627 1742 1883 1901 1786 1624 857 1226 1886 2718 3924 5131 5806 5118 3986 2774 3412 4702 5501 5438 4525 3988 7241 11428 11023 7058 3872 2159 1307 839 580 1826 1851 1880 1711 1548 803 1158 1598 2337 3334 4625 5611 5689 4711 3426 2866 4014 5323 5805 5136 3006 5480 9967 12429 9438 5221 3012 1692 1031 713 1825 1906 1922 1886 1604 919 1338 2002 2890 4029 5412 6182 5555 4178 2916 3540 4833 5984 5724 4809 4439 8054 12683 12398 7615 4090 2282 1405 842 589 2028 2149 2018 1874 1634 792 1221 1736 2547 3706 5219 6278 6449 5383 3824 3273 4510 5917 6542 5894 
752 1211 2256 4604 10111 17303 11962 5626 2536 1379 3188 3272 3177 2710 2313 1864 2617 3458 4410 4734 4153 3358 2359 1733 1220 1944 2317 2589 2661 2512 1015 1802 3356 7288 14934 16540 8705 4107 1981 1132 3379 3357 3008 2624 1967 1589 2218 3077 4166 4710 4702 3998 3011 2057 1473 1752 2216 2513 2758 2685 869 1338 2423 5101 11032 18233 12963 5870 2953 1639 3342 3587 3257 2820 2429 2033 2752 3786 4591 4819 4441 3598 2630 1900 1356 2026 2488 2739 2866 2685 1066 1842 3547 7863 16022 18097 9094 4133 2081 1212 3665 3634 3256 2777 2180 1817 2566 3556 4504 5168 4975 4283 3319 2325 1712 1971 2427 2831 2956 2994 
10299 10619 6997 3825 2160 1253 815 533 386 275 1024 1089 1058 1114 1024 437 549 754 1082 1603 2243 3422 4722 5924 5759 2921 8117 26226 19299 5928 11266 9084 5377 2959 1756 1084 712 514 372 282 1104 1122 1107 1079 930 373 482 673 961 1257 1805 2853 4021 5350 5931 2115 5004 15762 30078 11077 11406 11546 7436 4203 2486 1434 1006 596 423 310 1134 1264 1219 1207 1060 413 640 860 1217 1671 2440 3745 5183 6308 6220 3461 9157 28946 21509 6667 12163 9606 5465 3014 1820 1099 743 486 346 245 1156 1190 1190 1152 1034 404 513 701 919 1424 2028 3021 4409 5875 6469 2028 5108 16479 31627 11531 
640 945 1483 2251 3747 5611 7693 7481 5500 3459 3445 4646 5251 5133 4041 3482 5469 7315 7244 5772 3717 2215 1393 978 658 1669 1810 1867 1699 1652 823 1286 1863 3089 4876 7271 8563 6993 4715 2956 4508 5486 5761 4864 3564 2902 4663 6652 8095 7061 4856 3053 1909 1302 910 1678 1775 1926 1906 1729 705 1031 1587 2503 3938 6124 8256 8053 6014 3782 3760 5072 5830 5643 4363 3739 6002 7979 8050 6214 3835 2444 1590 1026 743 1795 1943 2102 1877 1714 994 1334 2129 3340 5387 7715 9317 7573 5073 3286 4702 6055 6204 5411 3972 3314 5169 7581 8901 7609 5201 3449 2033 1402 961 1806 1961 2160 2083 2030 
4693 4394 3400 2500 1772 1211 793 636 520 362 823 900 883 910 937 172 244 359 488 788 1344 2329 4714 9463 14524 12853 57676 3999 1092 412 5028 4183 3121 2237 1575 1123 838 608 496 340 909 1001 992 1061 1021 195 241 326 459 688 1133 1906 3487 7120 13745 5196 71717 14443 2417 832 5486 4794 3824 2718 2010 1282 939 697 525 413 1001 955 1083 1014 1028 229 304 401 623 911 1500 2743 5273 10833 16388 15914 68468 5273 1413 573 5328 4610 3367 2501 1764 1207 911 612 509 381 1035 1095 1113 1173 1153 176 224 366 494 763 1161 2000 3781 7999 15005 4865 75452 13588 2055 681 
281 365 551 708 1070 1407 2075 3184 4436 5592 453 1344 7600 102103 4100 10070 6137 3338 2004 1202 739 508 354 257 203 1000 991 949 908 907 359 445 642 886 1219 1836 2642 3842 5270 5878 977 3239 43841 16956 2233 11355 8272 4830 2584 1622 1030 664 471 333 252 1002 970 973 1019 968 315 422 547 814 1094 1492 2378 3365 4808 5919 605 1727 9189 113209 5350 10946 6827 3761 2111 1315 824 608 389 296 233 999 1049 1050 986 911 385 486 729 981 1387 1946 2952 4338 5864 6645 805 3056 46571 17283 1993 12950 9307 5321 2956 1697 1053 765 536 373 261 1094 1110 1098 1102 1000 
768 1131 1825 2956 4790 7247 8254 6650 4254 2680 3145 3854 4285 4034 3425 2680 4181 5898 7176 6421 4507 3006 1915 1214 839 1856 2036 2132 2082 1801 1059 1529 2389 4012 6277 8227 7912 5707 3456 2109 3642 4230 4466 3816 3025 2236 3404 5115 7036 7256 5668 3925 2380 1545 1118 1844 2057 2209 2141 2083 928 1310 2115 3303 5186 7963 9290 7428 4742 2965 3445 4226 4623 4415 3613 2879 4511 6709 7912 7096 5002 3221 2099 1357 902 2060 2240 2277 2116 2087 1059 1618 2722 4220 6827 9065 8804 6090 3812 2253 3947 4742 4788 4056 3186 2368 3653 5601 7725 7944 6211 4155 2720 1709 1151 1979 2264 2387 2390 2230 
551 645 874 1127 1476 2014 2519 3084 3526 3392 1200 2029 4179 9402 17314 26249 29569 5831 1948 863 396 286 186 127 80 1209 1260 1064 1016 965 537 748 991 1295 1731 2220 2812 3337 3633 3361 1622 3021 6202 13860 17567 11661 46639 12973 3606 1478 733 410 279 171 126 1260 1176 1166 1128 1033 496 686 919 1184 1542 2125 2698 3248 3588 3570 1267 2193 4439 9955 18356 28519 31679 6482 2252 1065 551 362 218 175 115 1259 1296 1178 1040 978 616 899 1059 1460 1957 2566 3127 3765 3968 3799 1707 3176 6889 15057 19321 12297 51314 14165 3544 1411 582 359 232 164 111 1379 1378 1328 1249 1090 
5653 5460 4215 3083 2123 1465 947 720 503 416 903 1062 1134 1089 1090 247 322 506 720 1103 1854 3237 5968 10283 11922 11073 43998 13037 3295 1302 5666 4912 3634 2549 1748 1239 861 567 467 358 984 1024 1070 1050 1013 205 313 444 592 904 1535 2606 4488 8290 11859 5891 26237 30350 6757 2343 6100 5870 4640 3253 2162 1492 1118 720 594 414 1035 1082 1134 1143 1130 295 369 597 845 1173 2036 3640 6672 11279 12610 12510 46463 14718 4033 1630 6377 5526 4066 2785 1913 1283 953 645 484 399 1094 1080 1092 1227 1211 246 335 472 668 987 1500 2727 4982 8892 13135 5913 27967 32694 6952 2272 
371 478 630 796 1157 1523 2073 2661 3427 3715 405 920 2420 10937 60137 24414 7788 2767 1301 710 387 258 181 125 86 977 1028 932 911 845 451 600 790 1051 1352 1937 2473 3172 3792 3902 824 1669 5547 35002 27910 30324 14832 4916 2144 1116 654 343 292 187 125 1090 1028 1014 968 893 401 536 723 919 1271 1740 2314 2971 3805 4140 611 1241 3075 12959 66971 27266 8610 3322 1575 853 508 320 209 170 130 1134 1109 1056 1005 910 494 616 819 1094 1449 1935 2732 3333 4024 4177 702 1552 5232 35456 28809 32079 15660 4920 2029 979 554 349 262 152 118 1128 1120 1051 1067 989 
3091 3830 4130 3912 3155 2415 1758 1241 909 677 1133 1268 1388 1454 1509 276 410 661 1114 2130 4682 11611 20189 11514 4525 8502 7742 5439 3347 1990 3588 4285 4318 3791 2889 2183 1618 1160 840 650 1254 1370 1437 1575 1448 279 369 625 959 1720 3285 7894 18831 18523 7612 7853 9172 7258 4650 2849 3445 4204 4520 4396 3515 2558 1837 1474 988 774 1206 1408 1512 1501 1544 347 501 810 1248 2369 5401 13253 22741 12645 5044 9320 8719 6014 3638 2240 4072 4628 4722 4010 3208 2326 1649 1295 887 696 1414 1505 1626 1653 1649 247 386 618 1007 1718 3502 8576 19954 19676 8305 8697 10025 7727 4871 2925 
3106 3394 3003 2512 1901 1492 1084 881 656 506 868 921 1058 1096 1119 91 113 179 254 438 856 2076 6742 35916 19416 22840 8842 3380 1588 848 3506 3445 2832 2363 1752 1313 1053 813 579 438 937 1046 1106 1198 1130 107 127 202 243 458 824 1594 4028 16678 44795 24431 16682 5717 2480 1260 3608 3762 3421 2670 2189 1689 1276 894 748 577 881 1072 1087 1170 1206 108 162 210 351 633 1121 2594 7820 40418 22207 25391 10130 3955 1766 947 3853 3735 3280 2641 2042 1520 1147 905 672 522 1075 1109 1236 1253 1308 86 114 150 234 388 697 1492 4018 17620 49645 27280 17655 6232 2451 1259 
274 336 473 655 981 1446 2218 3456 5234 6903 1190 4292 41096 19932 2852 7770 5492 3563 2230 1395 920 621 460 346 232 919 970 1014 940 895 315 424 549 816 1169 1908 2927 4501 6521 7688 2656 12612 73311 7455 1944 8388 7246 4767 2849 1803 1204 799 555 410 329 978 1016 1012 988 927 322 392 531 690 1005 1619 2433 3835 5833 7695 1617 5429 46682 22838 3761 8836 6173 4023 2416 1465 1027 686 577 342 294 1060 1148 1088 1060 1035 367 487 677 940 1331 2114 3267 5012 7229 8469 2398 12787 80236 7416 1834 9504 8110 5244 3227 1965 1327 907 628 474 336 1135 1110 1157 1161 1089 
2955 9268 32140 17613 4811 1810 928 500 301 181 1575 1579 1540 1361 1236 788 1033 1388 1887 2340 3177 3567 3793 3386 2752 2339 3587 5510 7703 7814 5427 19439 32347 9719 3257 1392 809 465 299 233 1572 1576 1426 1375 1141 685 957 1277 1732 2127 2893 3409 3831 3816 3167 1829 2970 4758 6987 8238 3342 10006 34126 18727 5525 2191 1123 598 361 267 1672 1615 1519 1459 1198 839 1106 1408 1978 2543 3293 3726 3823 3532 2908 2332 3698 5788 7808 8189 5708 20494 35286 9838 3206 1367 698 429 283 176 1826 1710 1656 1371 1206 781 1025 1345 1761 2449 3054 3651 4281 3994 3431 1972 3149 4957 7492 9063 
695 1092 1696 2731 4443 6915 8695 7675 4873 3148 3489 4461 4862 4495 3612 3037 4721 6581 7333 6249 4090 2606 1701 1146 771 1837 1991 2038 1929 1823 916 1344 2116 3457 5719 8251 8699 6522 3959 2599 3962 4761 4898 4066 3204 2531 3794 5737 7183 6921 5393 3416 2168 1506 968 1834 2004 1990 2025 1905 808 1132 1809 2933 4711 7075 9132 8009 5310 3222 3648 4528 5096 4634 3770 3244 4926 7010 7666 6434 4554 2850 1905 1214 843 2009 2135 2107 2039 1847 981 1483 2348 3912 6368 9221 9672 7211 4477 2691 4410 5195 5397 4564 3527 2795 4424 6338 8023 7922 5863 3911 2440 1641 1053 1961 2177 2376 2266 2161 
9211 14544 11466 5838 2891 1677 995 589 404 282 1256 1262 1252 1236 1121 508 720 988 1376 2043 2779 3830 4798 5299 4671 3140 6439 13027 15496 8736 12464 14112 8576 4093 2252 1227 758 541 383 238 1214 1217 1222 1194 1050 449 591 806 1204 1689 2401 3317 4321 5240 5038 2347 4504 9439 16055 12637 9633 14810 11730 5927 3075 1734 1051 664 437 305 1299 1278 1266 1224 1198 593 711 1001 1440 2055 2846 4013 4925 5347 4686 3237 6649 13258 16262 9347 14597 16399 9793 4844 2592 1409 892 588 368 295 1435 1451 1426 1303 1256 542 741 1000 1384 1959 2761 3966 5197 5768 5699 2556 5040 10881 18303 14359 
802 1260 2246 4030 7874 12247 10896 6249 3403 1853 3169 3561 3562 3085 2595 2033 3078 4219 5261 5297 4622 3407 2407 1684 1135 1992 2194 2496 2473 2306 1065 1744 3140 5766 10440 12682 8847 4557 2514 1517 3388 3568 3311 2901 2263 1707 2446 3561 4905 5476 5118 3968 2816 1989 1379 1735 2070 2403 2570 2400 887 1480 2415 4488 8564 13292 12033 7055 3692 2114 3561 3856 3798 3313 2724 2260 3279 4549 5702 5833 5034 3701 2703 1811 1209 2131 2413 2718 2636 2498 1129 1850 3445 6255 11343 13872 9727 5150 2683 1529 3772 3918 3670 3136 2463 1997 2794 4080 5288 6049 5691 4394 3195 2236 1510 2050 2394 2619 2809 2733 
1450 2068 3120 4447 5877 6439 5300 3719 2574 1666 2208 2593 2800 2940 2721 1430 2484 4226 7470 10213 9055 5815 3361 1910 1145 2781 3080 3030 2622 2168 1756 2609 3916 5320 6456 5933 4618 3204 2120 1397 2484 2893 3050 2995 2540 1213 1921 3306 5874 9164 10534 7545 4423 2643 1604 2616 3026 3030 2785 2459 1537 2187 3266 4886 6388 6825 5597 4099 2750 1766 2329 2861 3037 3190 3029 1633 2642 4840 7962 11046 9774 6326 3650 2051 1256 3068 3266 3159 2849 2264 1908 2938 4281 5848 7121 6774 5202 3369 2343 1568 2753 3058 3458 3251 2924 1338 2203 3617 6532 10480 11490 8526 4903 2847 1789 2916 3338 3434 3217 2700 
2507 3082 3493 3598 3076 2446 1893 1421 1075 818 1095 1289 1427 1563 1605 231 331 534 1052 2172 6269 22836 23488 6564 2225 6903 5817 4099 2659 1725 3012 3537 3769 3567 2974 2294 1695 1306 987 712 1325 1391 1632 1714 1614 234 332 554 913 1735 4003 12853 34972 13499 4200 6942 6864 5244 3485 2183 2815 3386 3868 3796 3428 2714 2130 1618 1154 850 1179 1385 1569 1693 1745 285 438 722 1245 2666 7282 25720 26970 7380 2842 7525 6377 4458 3072 1893 3358 4090 4230 3963 3445 2584 2018 1476 1068 868 1398 1569 1822 1930 2000 215 337 501 839 1719 4355 14287 38623 14621 4371 7843 7773 5982 4007 2584 
1076 1752 3236 6268 11477 12929 7977 4069 2196 1235 2640 2823 2861 2573 2169 1606 2387 3282 4539 5122 4961 4002 2923 2055 1426 2185 2615 2957 2913 2763 1453 2509 4833 9303 13754 11275 5972 3090 1776 1088 2871 2995 2916 2574 1957 1448 2006 2939 4075 4975 5377 4801 3558 2591 1774 2025 2459 2902 3039 3055 1217 1970 3389 6771 12334 14131 8605 4418 2393 1390 2803 3037 2975 2731 2271 1746 2532 3535 4830 5416 5242 4338 3071 2092 1495 2384 2804 3122 3202 2984 1482 2702 5201 9744 15169 12329 6490 3270 1794 1107 3130 3328 3058 2762 2153 1597 2271 3213 4300 5541 5800 5167 3869 2833 1981 2311 2715 3184 3407 3331 
1379 1997 3029 4518 5951 6322 5193 3666 2432 1613 2151 2558 2800 2892 2613 1478 2374 4047 6855 9425 8702 5825 3221 1921 1267 2650 2927 2916 2654 2177 1851 2803 4225 5900 6856 6362 4820 3297 2201 1435 2664 2899 3209 3017 2730 1304 2038 3328 5905 9032 10525 7898 4813 2723 1628 2834 3060 3191 3044 2580 1606 2305 3475 5195 6694 6961 5888 4065 2700 1865 2400 2840 3109 3232 2934 1661 2689 4625 7708 10730 9663 6399 3750 2252 1361 3072 3231 3454 2963 2469 1906 2956 4386 6284 7277 6749 5045 3488 2189 1471 2693 3146 3304 3160 2859 1328 2063 3618 6145 9858 11250 8313 5063 2906 1815 2884 3308 3464 3130 2741 
2193 3051 4016 4444 4393 3562 2767 1975 1493 1075 1430 1664 2003 1972 2043 563 885 1572 2942 6720 14465 16631 8285 3724 1831 4613 4633 3936 3065 2109 2707 3572 4500 4641 4241 3328 2529 1663 1305 958 1543 1779 2041 2082 2140 498 793 1276 2353 4752 10690 18535 12843 5755 2717 4568 4960 4415 3539 2656 2347 3363 4157 4948 4897 3954 3049 2252 1640 1172 1619 1789 2044 2157 2193 705 979 1816 3471 7468 16237 18304 8991 4015 2111 5045 4992 4354 3266 2469 2957 3998 5032 5197 4706 3543 2764 1969 1414 1052 1716 2055 2137 2327 2280 535 805 1338 2453 5187 11528 20118 13798 6199 2932 4889 5558 4911 3968 2955 
1277 1701 2428 3194 3816 4091 3810 3202 2307 1706 1680 2213 2608 3076 3123 961 1822 4486 11811 24411 12748 4581 2054 1012 615 2824 2626 2352 2079 1629 1632 2209 2911 3703 4095 4164 3641 2861 2042 1631 2054 2647 2995 3271 3190 858 1625 3128 7720 20124 21301 8288 3337 1634 927 2788 2810 2679 2359 1968 1439 1951 2654 3366 4241 4513 4075 3397 2615 1827 1915 2420 2949 3362 3421 1219 2320 4969 13272 26754 14412 5219 2296 1233 709 2976 2993 2601 2187 1852 1631 2337 3102 3968 4614 4468 3817 3111 2310 1735 2145 2692 3250 3595 3523 906 1502 3210 7731 21713 22280 8278 3317 1619 802 3117 3046 2791 2589 2051 
991 4687 111984 6251 1118 439 180 100 71 43 1409 1340 1242 1190 1002 730 927 1200 1631 2064 2428 2849 3005 2810 2363 1616 2502 4149 6572 8309 2444 20193 32731 2870 811 340 191 96 75 48 1482 1379 1301 1161 983 608 836 1097 1425 1889 2336 2779 2960 2955 2673 1313 2142 3436 5573 8006 1328 5923 127300 7910 1501 518 243 123 87 52 1679 1547 1547 1285 1165 767 978 1360 1777 2284 2862 3121 3323 3046 2704 1828 2859 4847 7508 9351 2182 21766 35662 2618 708 301 159 90 56 34 1695 1636 1493 1386 1154 778 922 1251 1731 2266 2720 3232 3503 3395 3303 1509 2497 3993 6415 9483 
729 947 1360 1926 2823 3923 4979 5136 4386 3300 2639 3758 5158 5818 5395 4101 8128 12889 11228 6012 3160 1712 999 648 441 1707 1687 1570 1506 1316 852 1228 1832 2542 3598 4604 5460 5063 4065 3142 3352 4776 6007 6104 5179 3225 6140 11501 14065 9121 4609 2482 1387 910 585 1746 1808 1880 1613 1407 827 1123 1569 2151 3126 4295 5263 5563 4847 3580 2903 4060 5655 6677 6105 4497 9037 14316 12296 6865 3516 1971 1158 694 539 1835 1931 1846 1679 1534 962 1342 1812 2824 3865 5316 5898 5593 4411 3234 3502 5194 6443 6887 5696 3512 6816 12455 15043 9678 4796 2594 1532 897 626 1917 1956 1995 1880 1653 
7398 11040 10451 6296 3454 1917 1153 730 510 395 1269 1299 1269 1247 1186 524 724 991 1458 2150 3083 4403 5508 5848 4812 3900 7733 12803 12136 6860 10011 12380 8855 4885 2736 1611 982 689 466 350 1377 1400 1250 1272 1115 512 682 885 1298 1847 2843 4166 5258 6142 5596 2991 5759 10992 14448 9781 7951 12126 11125 6673 3736 2152 1289 810 512 400 1344 1345 1386 1333 1306 585 819 1064 1525 2301 3420 4865 5960 6038 5027 4404 8300 13814 12958 7174 11046 13292 9794 5278 2921 1662 1094 721 511 365 1508 1461 1451 1380 1360 532 760 997 1361 1997 2946 4376 5735 6595 6167 3221 6372 11844 15510 10645 
530 998 2097 5422 18039 25842 8147 2884 1333 672 2762 2853 2554 2133 1755 1526 2088 2716 3315 3791 3478 3141 2363 1836 1370 1777 2186 2539 2873 2813 909 1752 3705 10808 30368 16804 5416 2225 1093 656 3042 2932 2615 1997 1632 1396 1928 2479 3217 3871 3916 3747 3049 2249 1729 1696 2204 2583 2948 3148 692 1290 2642 6241 20192 28900 9326 3431 1603 859 3073 3076 2789 2366 1892 1690 2303 2974 3617 4123 3960 3451 2596 2023 1495 2005 2328 2963 3219 3121 859 1654 3892 11362 32937 17948 5504 2244 1081 555 3312 3169 2742 2275 1780 1541 2080 2815 3464 4059 4395 3991 3322 2533 1881 1843 2400 2895 3378 3388 
733 1191 2167 4125 8845 15280 11753 5880 2828 1564 3066 3418 3232 2856 2200 1873 2662 3687 4459 4586 4262 3173 2283 1720 1156 1875 2182 2469 2487 2417 1051 1701 3127 6572 13259 15770 8941 4332 2203 1216 3473 3495 3078 2647 2229 1760 2456 3341 4308 4869 4755 3958 2983 2076 1484 1788 2097 2425 2562 2489 828 1348 2499 4642 10051 16600 13369 6518 3156 1758 3446 3693 3590 3002 2346 2178 2939 3929 4854 5255 4538 3479 2612 1785 1372 2044 2418 2736 2675 2659 1059 1834 3422 7216 14734 17985 10084 4834 2388 1413 3945 4000 3653 3067 2298 2044 2676 3810 4749 5554 5362 4443 3197 2343 1669 1978 2459 2765 2957 2917 
1428 3093 8834 27839 18101 5457 2077 998 565 382 1984 2032 1873 1705 1421 1044 1386 1897 2602 3201 3695 3851 3501 2768 2178 2168 3098 4203 4962 4902 2261 5421 17300 30104 10052 3598 1641 836 506 325 2015 1997 1853 1561 1404 981 1234 1589 2270 2948 3528 3753 3726 3110 2509 1901 2767 3656 4544 5050 1687 3572 10029 30866 19899 6184 2458 1217 665 449 2136 2192 2022 1807 1525 1083 1549 2114 2760 3404 4094 4043 3814 3169 2420 2327 3368 4537 5389 5113 2280 5811 19375 34038 11375 3627 1578 815 521 335 2289 2273 2086 1778 1480 1037 1413 1900 2497 3344 3967 4468 4344 3686 2943 2191 3028 4162 5324 5920 
3700 3938 3641 3034 2257 1744 1288 940 715 521 905 1030 1153 1179 1184 138 204 306 477 837 1614 3636 10797 28965 15860 22013 13213 5207 2315 1182 3938 3893 3315 2648 1972 1531 1169 877 640 537 1012 1138 1151 1239 1194 154 218 278 449 735 1224 2518 6281 19422 26358 17649 19484 8165 3565 1775 3996 4089 3726 3057 2322 1772 1348 968 707 580 976 1065 1205 1226 1262 190 250 355 577 951 1772 3871 11198 29503 16433 22571 13562 5420 2529 1296 4241 4117 3615 2891 2036 1619 1202 888 657 498 1106 1216 1207 1272 1259 135 171 277 420 637 1206 2495 6454 20880 27931 18960 20764 8919 3684 1785 
50 66 91 146 227 453 930 2742 16251 52396 23294 12792 4690 2080 1130 3118 3242 2815 2407 1809 1296 1026 804 646 475 843 986 1131 1141 1159 55 83 138 257 409 868 2043 6952 59104 16527 20371 7997 3297 1636 888 3223 3401 3083 2588 2128 1590 1230 973 717 598 947 981 1101 1160 1217 62 90 125 172 365 574 1295 3500 19122 57986 25138 13925 5430 2454 1357 3512 3446 2982 2469 1851 1515 1078 844 676 500 1017 1049 1121 1226 1219 58 86 135 184 349 683 1729 6968 64356 17357 22280 8790 3552 1744 904 3627 3794 3339 2905 2365 1801 1316 1033 773 630 971 1102 1212 1343 1326 
3879 20421 40264 6041 1695 733 385 227 141 92 1383 1373 1296 1205 1058 668 869 1185 1495 1942 2507 2984 3393 3267 2956 1768 3070 5372 9181 11068 8826 55320 15965 3558 1448 635 436 231 136 97 1403 1354 1295 1111 1004 559 778 1064 1392 1808 2403 2816 3364 3450 3216 1400 2476 4265 7545 11025 4437 22890 44207 6942 2160 952 524 298 175 141 1475 1427 1393 1269 1196 662 976 1281 1643 2191 2783 3078 3516 3432 3127 1899 3266 5890 9866 11765 8846 59850 16126 3314 1214 571 326 187 133 88 1594 1526 1416 1276 1150 685 832 1087 1548 2006 2515 3125 3634 3794 3632 1549 2621 4544 8071 12147 
951 1333 1792 2411 3050 3604 3783 3649 2957 2215 1901 2429 3402 4029 4287 1617 3837 11048 26831 14041 4520 1958 946 530 343 2085 2146 1923 1605 1349 1176 1712 2226 2981 3497 4042 3889 3509 2727 2188 2283 3051 3985 4556 4485 1317 2748 6910 21104 25036 8550 3249 1581 875 519 2236 2254 2100 1932 1531 1087 1457 2000 2715 3334 4015 4203 4000 3151 2518 2038 2692 3675 4436 4730 2020 4284 12521 30249 15761 5151 2283 1117 698 453 2355 2361 2150 1844 1558 1277 1722 2434 3076 3905 4317 4296 3841 2964 2261 2535 3346 4157 4966 4841 1349 2848 7150 21957 26487 9005 3256 1483 835 511 2329 2441 2242 1985 1744 
5818 9535 10270 7254 4222 2355 1464 920 632 399 1310 1349 1392 1322 1237 565 833 1113 1630 2369 3586 5189 6172 6021 4764 4280 7684 10892 9522 5785 8091 10827 9179 5696 3210 1944 1230 839 564 422 1354 1479 1442 1404 1225 539 733 944 1403 2133 3124 4673 6061 6365 5546 3474 6171 10065 11462 8028 6399 9909 11043 7838 4545 2611 1578 1012 640 505 1422 1435 1486 1453 1331 607 831 1250 1787 2632 3996 5594 6850 6305 5084 4834 8408 11835 10204 6288 8282 11300 9790 6142 3395 2061 1277 873 545 408 1515 1581 1473 1461 1320 571 707 997 1512 2163 3434 4940 6383 7041 5808 3405 6424 10565 11800 8268 
12242 10351 5733 2899 1648 1014 617 432 288 228 950 992 1057 1034 936 410 497 689 922 1323 1931 2841 3902 4968 5118 1516 4566 24284 31074 5615 13151 8303 4354 2408 1404 932 575 408 317 234 1068 1070 1064 937 928 390 512 628 881 1180 1699 2520 3536 4631 5473 1257 2955 11070 51503 13821 13773 11389 6256 3387 1929 1176 721 472 344 268 1133 1085 1120 1101 977 444 577 797 1096 1523 2119 3060 4272 5504 5776 1942 5668 27614 35050 6646 14429 9169 4866 2570 1430 892 611 414 318 217 1207 1180 1168 1107 1023 375 487 706 922 1316 1825 2727 3817 5198 6077 1194 3039 11491 56029 14216 
271 394 539 838 1403 2349 4524 8329 12243 10370 7448 12792 12748 7075 3463 5106 5469 4763 3579 2493 1698 1205 811 575 449 1167 1207 1313 1290 1198 327 507 681 1151 1881 3331 6185 10661 12083 8058 10295 14304 10031 5014 2563 4572 5418 5053 4189 2963 2051 1374 991 727 510 1118 1176 1233 1210 1260 334 464 590 981 1548 2652 4911 9163 13319 11096 8037 14219 14152 7841 3916 5626 5913 4990 3889 2726 1982 1311 936 645 531 1279 1321 1364 1264 1260 382 555 830 1175 2067 3635 6888 12059 13608 8871 11256 16389 11303 5819 2811 5318 6184 5917 4744 3360 2268 1523 1145 801 553 1249 1302 1430 1436 1371 
8529 8384 6258 3799 2211 1384 974 590 453 306 1059 1054 1025 1073 1090 374 479 735 993 1530 2277 3559 5288 6596 6486 4062 12237 29677 12833 4110 9480 7853 5072 3075 1756 1216 831 540 414 300 1039 1129 1115 1089 1028 363 452 636 888 1306 1889 2997 4560 6232 7017 2747 7337 23228 23866 7476 9341 9408 6777 4029 2476 1573 1024 709 516 350 1101 1180 1219 1144 1126 417 563 794 1120 1618 2482 3831 5618 7166 7100 4615 13322 32540 14354 4694 10574 8641 5686 3306 1971 1300 832 554 454 298 1212 1279 1318 1184 1096 339 520 713 986 1359 2102 3342 5010 6976 7988 2813 7718 25284 26191 8013 
1286 1767 2499 3522 4413 4934 4490 3550 2542 1838 1980 2365 2938 3204 3076 1365 2529 5100 10480 15052 10078 4850 2500 1345 823 2614 2677 2515 2318 1838 1634 2251 3155 4148 4901 4937 4226 3241 2319 1604 2303 2795 3235 3348 3029 1216 2074 3808 7927 14393 14077 7594 3733 1909 1168 2640 2775 2694 2338 2122 1473 1967 2817 3819 4920 5295 5016 3870 2847 2092 2172 2701 3276 3542 3452 1668 2808 5764 11863 16917 11208 5632 2793 1608 928 2903 3007 2807 2459 2000 1757 2392 3441 4539 5249 5351 4544 3442 2449 1800 2529 3000 3504 3637 3427 1222 1989 4089 8414 15633 15019 8046 3889 2082 1204 2870 3109 3040 2648 2208 
79 89 127 226 317 627 1149 2941 11433 46698 30191 17693 5208 1948 976 3659 3364 2902 2219 1618 1326 1016 720 623 446 877 1006 1057 1102 1097 109 151 217 320 562 1039 2106 6013 28648 29863 31174 9863 3348 1543 793 3585 3547 3182 2512 1960 1504 1149 832 591 535 864 959 1082 1086 1118 110 104 181 282 458 718 1507 3644 13349 51495 33305 19724 6137 2416 1206 3834 3715 3139 2408 1912 1435 1132 797 635 465 1052 1068 1159 1156 1192 81 134 206 288 469 877 1964 6329 30271 32497 33793 10474 3481 1521 783 3963 3814 3366 2857 2250 1706 1303 924 708 559 949 1096 1105 1148 1265 
