7265 6911 5109 3309 2048 1312 825 563 454 335 999 980 986 987 996 326 437 579 917 1294 2034 3194 5072 7150 7476 4502 18500 33405 7745 2440 7802 6371 4283 2682 1728 1149 806 554 404 330 1077 1088 1034 1086 1013 248 411 524 765 1106 1770 2716 4370 6672 7980 3030 9603 37281 17528 4638 8497 7944 5672 3640 2357 1423 1016 722 556 380 1065 1190 1114 1201 1129 391 493 725 993 1585 2247 3696 5810 8172 8714 5442 21028 38239 9279 3017 8393 6920 4604 2860 1820 1188 806 577 422 307 1084 1159 1158 1037 1059 334 420 526 771 1143 1875 2747 4649 6937 8531 2884 9527 39661 18386 4485 
648 1216 2724 8105 28843 19797 5481 2112 978 526 2556 2537 2398 2017 1690 1387 1950 2597 3291 3605 3653 3394 2744 2044 1604 1883 2377 2993 3360 3275 1066 2065 4737 16618 33668 10703 3447 1566 838 467 2700 2518 2298 1880 1607 1222 1657 2265 2885 3480 3827 3762 3082 2339 1802 1697 2133 2735 3214 3581 778 1448 3251 9147 31473 22100 6166 2461 1116 630 2843 2960 2545 2194 1817 1585 2007 2725 3425 3885 4000 3671 3031 2337 1732 2118 2714 3231 3611 3694 1031 1984 4819 17293 35695 11087 3571 1568 786 430 2853 2765 2433 1990 1690 1358 1738 2416 3102 3741 4044 3925 3318 2629 1979 1831 2389 2979 3486 3696 
97 116 150 257 393 705 1346 3209 9255 29568 27289 25962 5503 1784 854 3680 3253 2738 2152 1583 1196 894 663 494 421 903 958 996 1050 1103 144 211 247 361 675 1121 2227 5671 18742 29920 45189 12312 3461 1408 767 3837 3648 3160 2532 1929 1397 1043 794 602 451 806 930 1065 1065 1101 118 140 267 321 516 883 1528 3552 10359 32062 29917 28756 6493 2278 1096 3852 3633 2858 2301 1729 1196 999 722 537 461 961 1038 1015 1096 1132 108 167 238 367 606 1119 2317 6065 20395 32924 49319 13022 3521 1424 680 4286 4109 3504 2766 2130 1593 1218 901 695 510 995 993 1099 1198 1222 
723 1048 1716 2788 4966 7969 9721 7719 4584 2701 3402 4056 4207 3700 3071 2659 3915 5155 6137 5474 3966 2785 1791 1273 885 1712 1927 1986 2001 1858 915 1446 2274 4001 6799 9407 9505 6310 3701 2158 3901 4395 4382 3699 2764 2182 3322 4899 6177 6433 5084 3550 2335 1557 1098 1697 1923 2035 2096 1949 793 1178 1810 3188 5272 8734 10625 8321 5013 2929 3670 4317 4740 4309 3380 2718 4304 5825 6661 6025 4442 3004 2017 1312 950 2021 2105 2280 2201 2003 985 1510 2392 4033 7291 10797 10272 6736 3927 2333 4356 4806 4732 4126 2983 2490 3672 5214 6641 6929 5457 3789 2530 1696 1213 1986 2092 2265 2398 2152 
6848 14468 15945 8137 3628 1858 1014 656 381 293 1358 1322 1356 1272 1140 596 798 1131 1547 2152 3109 3917 4482 4461 3725 2801 5130 8950 11058 8538 10669 17892 12462 5616 2767 1446 901 581 418 269 1351 1330 1368 1256 1150 529 727 1062 1381 1898 2684 3537 4399 4678 4239 2213 3938 7212 11199 10925 7574 15894 17913 9196 4189 2089 1189 790 522 330 1480 1527 1475 1379 1309 683 923 1280 1772 2501 3345 4279 4932 4933 4084 3174 5636 10042 12723 9515 11401 19316 13553 6081 2906 1476 876 580 382 279 1472 1516 1380 1369 1239 590 795 1134 1470 2110 2942 4014 4855 5088 4726 2382 4318 7731 12026 11713 
517 756 900 1299 1921 2686 3739 4811 5416 4821 2502 4686 9081 12860 10315 10435 14080 9885 5149 2621 1524 866 564 390 276 1309 1301 1291 1272 1142 596 799 1136 1577 2213 3097 4082 5049 5105 4360 3485 6464 11317 12244 7847 7714 12841 12614 7186 3674 2057 1250 778 514 355 1222 1302 1394 1230 1198 573 744 1033 1419 2120 2977 3989 5376 6011 5300 2809 5191 9783 14183 11487 11455 15719 10912 5721 2966 1586 1017 620 496 344 1467 1468 1473 1346 1239 682 902 1210 1791 2482 3573 4669 5725 5774 4886 3824 7249 12580 14055 8862 8382 14582 14143 8054 4062 2251 1275 815 565 363 1410 1533 1483 1381 1331 
4032 5103 5304 4647 3461 2433 1684 1116 813 585 1112 1304 1316 1387 1336 359 575 857 1305 2268 4160 8120 12542 10949 6129 8528 10724 8157 4933 2676 4668 5493 5324 4120 3011 2059 1422 1054 685 589 1248 1365 1442 1488 1371 338 494 739 1161 1859 3314 6300 11274 13376 8748 7210 10686 10134 6686 3829 4410 5489 5746 5046 3822 2605 1852 1335 865 678 1314 1384 1514 1532 1520 413 613 910 1501 2516 4889 8914 13987 12001 6688 9286 11518 8861 5372 3047 5204 6071 5742 4519 3386 2196 1569 1042 781 573 1393 1529 1571 1611 1458 364 520 767 1179 1916 3505 6843 12447 14441 9412 7517 11423 10843 7197 4127 
2219 2796 3006 3035 2709 2222 1810 1431 1005 832 1049 1181 1413 1521 1528 55 114 197 322 736 2365 20810 32284 2913 794 6720 5112 3380 2111 1431 2648 3187 3121 2983 2637 2120 1664 1250 975 678 1132 1349 1533 1725 1677 62 108 150 322 610 1636 6802 104288 8802 1876 7567 6304 4430 2920 1823 2499 2833 3222 3118 2835 2372 1960 1489 1089 850 1081 1282 1425 1585 1712 85 158 208 444 938 3038 23420 36217 3788 1098 7217 5208 3625 2322 1576 2878 3365 3454 3164 2851 2260 1777 1368 1046 805 1295 1521 1564 1801 1833 49 83 125 250 475 1212 6336 109890 8310 1445 7840 6784 4782 3067 1920 
10996 10774 6899 3777 2099 1287 774 543 400 251 1062 1057 1050 1044 1024 386 535 770 1046 1519 2240 3307 4495 5690 5663 2718 7792 26323 21306 6231 12028 9272 5394 2937 1670 1084 703 512 363 293 1145 1156 1091 1098 984 367 479 651 943 1330 1926 2819 4106 5312 6048 2114 4790 15423 33346 11858 11811 11818 7348 4063 2335 1438 906 651 439 330 1166 1222 1218 1156 1079 411 624 828 1189 1669 2480 3506 4972 6099 6170 3180 8638 29116 23269 6845 13303 10036 5655 3008 1815 1198 728 489 356 272 1185 1219 1285 1141 1148 438 512 765 1052 1397 2165 3030 4459 6002 6490 1917 5019 16407 35841 12635 
830 1117 1469 1915 2538 3070 3633 3615 3181 2604 1758 2561 3766 5013 5695 2435 6888 26866 22942 5928 2014 926 530 343 205 1894 1778 1672 1410 1221 962 1290 1790 2265 2879 3570 3726 3600 2978 2408 2211 3250 4469 5628 5765 1837 4372 14443 36852 12031 3655 1643 859 523 285 1961 1880 1761 1576 1353 853 1206 1617 2049 2740 3414 3798 3935 3496 2859 1898 2833 4126 5343 6186 2850 7952 29575 25159 6610 2514 1212 695 432 256 1954 1963 1705 1597 1315 1114 1531 1993 2617 3356 3997 4157 3930 3571 2694 2458 3674 5045 6233 6419 1824 4503 15790 41033 13188 3891 1621 807 503 271 2088 2128 1982 1725 1545 
1184 1926 3660 6972 11765 12030 7203 3697 1993 1207 2513 2656 2774 2432 2183 1566 2218 3328 4410 5230 5090 4254 3175 2126 1502 2337 2755 3089 3159 2811 1504 2742 5267 9912 13833 10106 5480 2926 1698 1008 2820 2831 2763 2414 2001 1353 1992 2810 3930 5041 5642 5048 3952 2747 1907 2195 2711 3116 3258 3174 1337 2230 3871 7564 12823 13128 7848 4119 2269 1367 2700 3024 2940 2657 2259 1649 2463 3519 4664 5701 5675 4466 3454 2330 1715 2467 3115 3373 3436 3055 1738 3083 5665 10837 15160 11151 6059 3175 1735 1150 3011 3117 3064 2684 2146 1515 2172 3224 4341 5664 6269 5609 4282 3106 2118 2410 3004 3432 3648 3368 
1616 2104 2561 2818 2988 2867 2397 1947 1541 1172 1222 1455 1650 2118 2353 112 220 403 1058 4783 93615 8005 1432 506 241 3702 3256 2560 1946 1392 1962 2467 2790 3218 3112 2821 2389 1856 1370 1155 1426 1733 2032 2267 2326 125 180 393 815 2547 19196 42641 3730 1108 465 4103 3767 3070 2320 1661 1835 2302 2839 3178 3334 3136 2705 2203 1685 1277 1290 1645 1996 2281 2458 165 267 510 1460 6072 106048 9783 1991 676 358 4150 3573 2700 2123 1597 2100 2656 3192 3378 3376 3052 2557 1963 1566 1175 1549 1894 2189 2465 2552 99 178 307 724 2209 19246 44057 3311 886 350 4271 4068 3374 2552 1877 
940 1307 1934 2795 3841 4994 5592 4744 3795 2734 2496 3142 3942 4332 3929 2542 4702 8758 12642 9978 5458 2992 1629 986 635 2115 2101 2120 1928 1645 1154 1683 2344 3461 4641 5585 5354 4451 3196 2215 2916 3832 4324 4285 3677 1928 3649 6697 11463 12149 7742 4031 2367 1282 834 1949 2214 2122 1932 1799 983 1385 2058 3134 4163 5485 5966 5272 3995 2775 2638 3559 4436 4572 4395 2908 5250 9612 13777 10995 5967 3325 1887 1071 725 2194 2278 2221 2113 1844 1266 1830 2602 3811 5130 6123 5903 4830 3485 2446 3152 4068 4782 4918 4195 2223 3935 7327 12802 13862 8516 4513 2588 1432 951 2351 2465 2518 2276 1985 
750 1235 2935 8598 27350 18681 5534 2134 1048 566 2599 2498 2419 2090 1720 1442 1936 2405 3105 3729 3797 3344 2883 2059 1618 1933 2521 3035 3351 3417 1127 2125 5192 16699 30324 10608 3633 1671 863 518 2658 2552 2378 1901 1561 1215 1691 2224 2941 3592 3836 3844 3178 2469 1902 1721 2291 2878 3329 3473 846 1570 3412 9597 29858 20645 6412 2550 1246 724 2877 2805 2686 2208 1846 1549 2166 2848 3470 4128 4004 3755 3046 2188 1732 2067 2749 3298 3597 3484 1051 2144 5540 17904 32952 11341 3710 1621 885 495 2925 2805 2491 2154 1759 1392 1844 2494 3197 3950 4288 4091 3559 2778 2013 1934 2402 3074 3647 3870 
689 834 1105 1429 1973 2547 3138 3527 3476 3114 1610 2739 4399 7060 8542 5832 23696 27379 6553 2268 975 513 319 198 125 1450 1470 1316 1195 1042 708 956 1346 1811 2373 2930 3451 3693 3416 2907 2221 3485 5823 8429 9024 3561 12367 38997 14080 4117 1715 912 553 307 200 1502 1472 1511 1284 1119 682 904 1173 1726 2169 2822 3456 3881 3970 3449 1769 2977 4803 7647 9459 6810 26661 30458 7823 2783 1240 665 399 260 175 1577 1529 1455 1341 1149 888 1092 1487 1951 2586 3257 3916 4069 3705 3205 2260 3890 6246 9027 9669 3751 12855 42478 14731 4159 1664 803 440 260 164 1622 1653 1612 1440 1262 
620 786 1006 1326 1894 2341 2843 3110 3238 3007 1402 2346 3888 6388 8748 5331 32340 24506 4282 1412 672 313 208 152 93 1486 1346 1233 1136 966 739 1002 1289 1753 2291 2789 3397 3586 3391 2971 1912 3216 5441 8638 9825 3341 13274 58136 10560 2860 1187 579 335 231 144 1579 1561 1477 1249 1153 667 889 1213 1612 2086 2646 3208 3670 3729 3294 1669 2685 4393 7215 10344 6487 37524 28668 5428 1923 851 461 247 185 120 1649 1477 1545 1282 1068 772 1031 1395 1789 2465 2995 3702 3757 3595 3274 2079 3541 5949 9121 10604 3139 13885 61394 10831 2655 1058 526 305 192 127 1640 1677 1585 1358 1214 
2743 6186 16380 20922 8848 3487 1700 924 518 335 1763 1690 1672 1542 1335 840 1221 1549 2253 2920 3789 4196 4000 3427 2668 2617 3812 5384 6423 6002 4123 10506 21784 14656 5780 2551 1325 763 485 354 1712 1671 1552 1416 1318 775 1007 1337 1890 2491 3301 4016 4233 3809 3110 2131 3144 4676 6076 6403 2879 7080 17787 22605 9949 3992 1998 1083 611 433 1820 1890 1797 1596 1435 906 1343 1700 2379 3329 4100 4368 4435 3733 2931 2788 4173 6016 6993 6484 4487 11311 24321 16160 6169 2649 1330 766 476 300 1876 1911 1864 1597 1408 850 1133 1529 2136 2846 3729 4443 4761 4221 3475 2294 3589 5145 6698 6973 
1973 2860 4035 4918 5407 4536 3545 2446 1651 1193 1708 1879 2149 2153 2228 834 1326 2347 4399 8671 13553 11168 6007 3085 1599 3944 4074 3774 3087 2232 2526 3517 4737 5513 5366 4227 3012 2190 1500 986 1868 2204 2389 2423 2170 765 1145 1811 3374 6553 12095 13931 8806 4300 2387 3718 4270 4067 3497 2784 2159 3067 4225 5307 5724 4838 3720 2623 1808 1341 1762 2025 2303 2460 2408 936 1453 2605 4729 9423 14719 11966 6503 3260 1869 4207 4476 4055 3297 2429 2847 3748 5263 5880 5672 4515 3293 2286 1660 1156 2105 2339 2380 2570 2416 795 1172 1968 3567 7038 12863 14857 9506 4833 2515 4111 4560 4589 3840 3063 
5479 7412 7537 5753 3818 2336 1489 931 644 496 1178 1271 1369 1275 1317 460 675 980 1460 2319 3718 5765 7874 7624 5569 5916 10118 11454 7756 4304 6829 8203 7058 4895 3038 1928 1274 843 552 451 1294 1398 1421 1328 1274 424 570 892 1208 1903 3019 4811 7081 8097 6869 4590 8291 12140 10293 6130 6046 8159 8318 6363 4143 2644 1603 1130 762 507 1344 1468 1429 1434 1380 554 752 1092 1609 2590 3964 6425 8451 8289 5905 6529 10967 12598 8675 4695 7434 8881 7866 5296 3360 2111 1343 948 637 450 1434 1620 1572 1479 1383 449 672 903 1387 2142 3430 5313 7833 8972 7653 5001 9040 13429 11476 6733 
396 728 1714 5889 39438 21134 3826 1252 580 315 2581 2513 2241 1931 1569 1353 1884 2329 2811 3225 3221 3087 2516 1882 1531 1685 2202 2652 3194 3214 676 1345 3523 15497 55265 9120 2488 1087 549 306 2611 2545 2200 1846 1494 1210 1709 2148 2712 3232 3415 3185 2868 2255 1721 1474 1990 2634 3085 3449 530 972 2238 7078 44405 24017 4695 1661 780 409 3016 2756 2590 2074 1637 1424 1934 2624 3154 3463 3768 3183 2856 2215 1637 1777 2475 3026 3581 3713 574 1218 3288 15960 60051 9158 2384 895 511 290 2974 2760 2387 1999 1598 1386 1851 2420 2977 3543 3816 3598 3285 2462 1977 1668 2253 2892 3427 3809 
1860 2742 3971 4998 5416 4883 3640 2546 1794 1198 1681 2020 2103 2240 2247 878 1500 2489 4629 8763 12531 9746 5460 2886 1657 3572 3827 3646 2960 2402 2391 3386 4558 5612 5295 4439 3178 2235 1552 1033 1892 2135 2380 2390 2183 725 1228 1943 3576 6833 11599 12584 7584 4074 2294 3541 3851 3887 3509 2764 2065 2913 4201 5390 5896 5182 3882 2778 1939 1331 1804 2170 2267 2448 2361 1025 1603 2711 5137 9587 13540 10456 5810 3070 1731 3842 4191 3919 3161 2573 2662 3798 5125 6032 5964 4929 3389 2443 1683 1127 2143 2438 2716 2609 2477 807 1218 2179 3787 7526 12483 13775 8452 4407 2358 3847 4361 4310 3772 3038 
4247 11263 23331 12684 4755 2024 1038 639 380 261 1407 1402 1458 1309 1124 691 984 1360 1720 2367 3011 3771 4014 3721 3034 2503 4086 6513 8446 7761 7265 19189 20934 8148 3301 1619 824 502 347 280 1548 1423 1369 1239 1152 648 810 1092 1628 2152 2917 3607 4229 4100 3560 2024 3180 5528 7943 8772 5027 13052 25886 14360 5313 2385 1278 784 495 310 1520 1650 1524 1431 1298 761 1104 1508 1999 2712 3307 4275 4380 4016 3342 2798 4460 7153 9430 8693 8060 21302 23008 8737 3505 1706 903 533 376 249 1695 1688 1530 1501 1269 717 1005 1300 1790 2334 3193 4140 4683 4526 4019 2162 3742 6109 8937 9906 
1794 2425 3022 3455 3652 3296 2721 2085 1642 1176 1367 1697 1958 2213 2211 421 670 1328 2959 9394 31728 16815 4767 1763 860 4034 3762 2952 2274 1684 2268 2835 3442 3872 3793 3195 2572 1946 1444 1128 1649 1934 2169 2297 2368 410 640 1108 2224 5685 19877 32937 9372 3103 1434 4216 4028 3719 2802 2162 2059 2694 3432 3877 4018 3826 3143 2439 1817 1330 1588 1801 2206 2405 2508 516 862 1645 3558 10967 36370 19511 5519 2244 1155 4606 4282 3526 2635 1921 2370 3162 3792 4245 3951 3609 2817 2142 1562 1222 1729 2077 2378 2553 2491 358 561 1033 2190 5899 21250 34903 9817 3230 1418 4550 4584 3968 3115 2324 
838 1811 4571 15736 31564 9598 3110 1348 697 386 2197 2242 2118 1864 1600 1171 1533 2093 2736 3444 3597 3464 3017 2375 1832 1934 2776 3506 3978 3856 1378 3052 8881 30759 20488 5766 2350 1133 588 411 2259 2267 1920 1715 1424 1115 1391 1901 2652 3217 3767 3829 3492 2851 2137 1800 2434 3205 3873 4096 1040 2127 5288 17427 34596 10908 3597 1566 891 482 2341 2458 2202 1891 1635 1298 1746 2346 3066 3625 4024 3813 3230 2545 1947 2184 2914 3707 4159 4198 1442 3244 9806 34693 22818 6145 2362 1124 619 337 2669 2589 2386 1980 1610 1268 1680 2186 2926 3809 4317 4290 3953 3301 2549 2077 2846 3601 4484 4820 
1520 2155 3069 4187 5129 5106 4197 3108 2238 1581 1862 2232 2541 2696 2634 1194 1902 3582 7056 11525 11419 6830 3420 2002 1161 2962 2982 2883 2534 2061 1858 2667 3794 4930 5538 5029 3912 2778 1956 1302 2147 2554 2616 2740 2633 1004 1602 2820 5336 10143 13174 9706 5087 2632 1572 2879 3189 3174 2863 2307 1585 2462 3302 4625 5641 5662 4755 3517 2486 1705 2019 2370 2777 3013 2895 1316 2195 4131 7655 12928 12946 7534 3936 2196 1270 3169 3353 3203 2789 2209 2111 2967 4360 5490 6130 5560 4344 3080 2028 1457 2414 2875 3145 3055 2792 1074 1727 3144 5960 11133 14860 10859 5622 3081 1700 3307 3526 3520 3204 2595 
911 1352 1942 2845 4086 5436 5590 5061 3662 2615 2559 3182 4036 4098 3769 2443 4379 7548 10658 9095 5284 3060 1748 1079 731 2072 2205 2048 1918 1678 1197 1689 2511 3709 5135 6151 5867 4719 3331 2175 3096 3960 4337 4356 3584 2052 3489 6376 10141 10994 7654 4294 2453 1506 986 2121 2269 2210 2172 1863 970 1450 2136 2997 4583 5936 6388 5463 4012 2618 2775 3575 4459 4559 4062 2758 4908 8528 11538 9899 6016 3232 2014 1193 780 2230 2282 2206 2043 1848 1273 1839 2764 4029 5646 6744 6443 4950 3496 2410 3387 4118 4787 4790 3945 2189 3752 6740 10913 12202 8278 4643 2589 1574 1047 2297 2489 2523 2408 2133 
4094 11500 25115 13553 4733 1991 1011 617 348 274 1483 1498 1392 1341 1206 741 981 1298 1784 2445 3123 3838 4073 3666 3075 2469 3923 6567 8646 7981 7207 20053 22522 8399 3218 1691 949 541 374 257 1510 1488 1415 1348 1252 664 857 1155 1600 2122 2884 3704 4145 4029 3556 1995 3270 5405 8023 8958 4823 12657 27259 14382 5203 2231 1199 743 466 309 1611 1651 1566 1485 1247 778 1069 1382 1936 2570 3307 4062 4382 3947 3140 2573 4288 6874 9030 8681 7624 21323 23666 8645 3339 1560 872 508 331 247 1680 1634 1515 1383 1178 689 937 1341 1705 2309 2943 3878 4298 4295 3682 2128 3420 5719 8435 9556 
4684 6161 6503 5507 3728 2526 1660 1111 778 617 1240 1296 1369 1403 1347 445 634 955 1514 2480 4245 6822 9104 8154 5432 6685 9898 9638 6256 3641 5814 6870 6330 4702 3222 2142 1328 952 681 507 1318 1457 1444 1434 1401 384 572 858 1331 2054 3372 5606 8408 9318 7297 5291 8808 10885 8614 4958 5190 6838 7254 5996 4187 2791 1755 1225 833 611 1352 1469 1465 1522 1488 544 800 1118 1688 2826 4520 7350 9964 9087 6059 7429 10897 10530 7023 3944 6195 7573 7002 5313 3489 2302 1527 1049 730 533 1430 1498 1602 1565 1415 452 663 981 1382 2099 3609 6095 9194 10187 7796 5871 9445 11653 9114 5331 
2102 2862 3525 3875 3782 3228 2573 1917 1490 1074 1375 1525 1869 1992 2077 371 622 1129 2421 6120 18543 24745 8664 3129 1424 5000 4572 3596 2661 1980 2494 3375 3880 4038 3686 3005 2321 1773 1242 924 1468 1732 1893 2066 2046 382 546 1037 1726 4020 10911 27900 16229 5334 2284 4667 4990 4221 3236 2279 2249 2991 3588 4096 4076 3415 2741 2020 1450 1093 1365 1601 1902 2115 2087 445 725 1342 2684 6436 19223 25896 9306 3523 1609 5134 4718 3850 2918 1960 2828 3379 4181 4272 3873 3188 2481 1811 1341 943 1589 1895 2074 2192 2187 325 502 955 1707 3853 11294 29199 16568 5468 2265 5046 5139 4462 3489 2426 
1078 1477 2178 3174 4354 5341 5322 4464 3232 2203 2277 2868 3699 3833 3536 2025 3654 6810 10856 10704 6726 3637 2017 1240 770 2192 2351 2229 2062 1744 1318 1864 2823 4150 5274 5844 5297 4107 2873 1921 2745 3412 3918 4044 3455 1782 2940 5344 9645 12492 9459 5301 2943 1632 1046 2286 2443 2485 2240 1965 1174 1790 2470 3461 4982 5946 5916 5053 3701 2439 2568 3254 3889 4047 3793 2318 4116 7533 12172 11991 7509 3984 2313 1383 950 2416 2576 2506 2318 1938 1376 2069 3024 4291 5715 6341 5783 4404 2957 1986 2989 3636 4342 4130 3703 1721 3069 5747 10179 13572 10093 5628 3060 1750 1056 2470 2601 2635 2380 2229 
3370 3646 3749 3187 2552 1937 1403 1048 777 606 943 1116 1218 1296 1302 160 221 350 570 1050 2245 5870 19064 25594 8087 13419 10094 5133 2622 1494 3713 3832 3527 2973 2229 1719 1321 995 728 551 1098 1185 1307 1247 1346 160 239 331 532 894 1653 3867 11205 30462 16156 12711 13386 7581 3955 2052 3556 4046 3952 3467 2825 2001 1515 1165 826 621 1048 1169 1299 1393 1382 232 324 424 712 1282 2571 6523 20794 27963 9123 14736 10895 5540 2960 1650 4204 4350 4078 3249 2481 1880 1442 1036 755 587 1183 1330 1411 1523 1474 144 214 323 513 875 1704 4002 11755 33346 17551 14209 14442 8413 4190 2268 
1495 2173 3166 4424 5813 5749 4713 3322 2231 1539 1983 2335 2616 2696 2559 1299 2131 3879 6726 10298 9911 6368 3580 1996 1268 2880 3065 3006 2523 2147 1936 2851 4094 5507 6057 5686 4377 2945 2061 1344 2281 2668 2940 2829 2490 1106 1738 3089 5423 9201 11603 8910 5107 2854 1599 2885 3290 3197 2932 2538 1639 2332 3630 4966 6237 6327 5125 3694 2496 1693 2247 2558 2914 2965 2741 1480 2375 4218 7422 11472 11072 7051 4008 2255 1376 3237 3444 3447 2892 2380 2040 3084 4352 5806 6607 5957 4553 3084 2135 1446 2532 2791 3124 3014 2689 1129 1810 3255 5815 9797 12315 9221 5499 2991 1840 3051 3445 3456 3160 2642 
441 617 875 1366 2213 3459 5671 7625 7653 5547 4171 6788 8462 7383 4987 5192 6905 6941 5162 3402 2148 1341 927 676 423 1291 1431 1354 1338 1278 561 740 1248 1725 2799 4794 6964 8460 7048 4693 5751 8444 8816 6523 4046 4451 6456 7572 6355 4525 2876 1821 1208 821 582 1275 1435 1502 1437 1461 537 694 1042 1621 2463 4003 6419 8690 8861 6415 4750 7752 9936 8611 5678 6044 7990 8002 6015 3880 2458 1640 1129 840 522 1511 1562 1684 1525 1491 592 875 1259 1966 3125 5179 7672 9425 7752 5232 6219 9251 9960 7130 4281 4807 7031 8365 7128 4986 3125 2032 1333 927 638 1425 1511 1659 1549 1516 
2847 3416 3711 3435 3021 2280 1787 1283 901 673 1099 1273 1386 1443 1432 223 332 530 846 1656 4132 13014 28902 11768 3734 8533 7023 4709 2769 1755 3491 4029 3991 3548 2809 2196 1646 1257 901 658 1284 1361 1529 1559 1603 225 312 465 817 1468 2977 8171 25359 23074 7231 8780 9115 6391 3971 2387 3217 3834 4197 3968 3454 2603 1910 1438 1086 862 1235 1352 1508 1579 1682 258 401 608 1099 2144 4890 15318 33708 13415 4612 9747 8239 5314 3249 2013 3806 4212 4221 3686 3016 2348 1747 1282 1007 774 1348 1453 1546 1722 1692 226 288 432 782 1353 3005 8140 26864 24391 7214 9579 9416 6815 4260 2655 
220 308 499 789 1317 2477 5381 12603 18478 10158 8820 11270 8417 4925 2651 4020 4427 4170 3446 2697 1867 1317 997 739 509 1152 1246 1309 1299 1376 309 441 702 1091 1935 3821 8531 17860 15622 7018 11150 11001 6912 3766 2221 3833 4402 4546 3960 3065 2361 1650 1223 903 630 1150 1298 1268 1346 1392 265 405 566 909 1540 2812 5961 13720 20080 11406 9758 12462 9506 5404 3019 4349 4752 4673 3726 2746 2009 1475 1064 768 587 1199 1361 1491 1517 1435 313 436 699 1085 2099 4023 9566 19429 17246 7672 12290 11970 7504 4203 2392 4387 4899 5087 4374 3566 2578 1788 1282 960 703 1210 1398 1486 1623 1581 
601 826 1120 1507 2088 2922 3585 4202 4123 3552 2048 3385 5617 8100 8462 7296 17186 17810 7603 3217 1539 862 554 376 258 1440 1373 1426 1244 1117 782 978 1381 1820 2510 3482 4106 4560 4133 3356 2827 4628 7219 9012 7948 4861 12148 21406 12790 5103 2479 1263 803 470 337 1527 1562 1506 1337 1164 654 879 1226 1648 2227 3010 3904 4488 4453 3949 2245 3710 6088 8831 9501 8144 18776 19165 8432 3594 1870 1079 601 464 269 1637 1557 1436 1383 1200 781 1064 1497 2030 2758 3621 4530 4843 4601 3713 3059 4920 7969 9987 8836 5276 13046 23188 14023 5550 2628 1312 717 456 324 1665 1700 1620 1564 1388 
10113 9791 6211 3555 1987 1193 806 548 389 267 1002 1062 1057 1049 975 388 536 697 1036 1396 2221 3286 4638 5763 5843 2867 8548 30362 18338 5038 11162 8542 5081 2821 1660 1061 695 497 346 259 1097 1091 1148 1099 1001 336 491 650 940 1299 1784 2756 4171 5660 6297 2037 5134 18129 33555 10228 10674 10586 6751 3768 2208 1383 901 634 446 329 1082 1131 1113 1126 1103 427 514 783 1088 1630 2225 3464 4980 6276 6310 3199 9359 32917 20355 5813 12107 9502 5456 3062 1836 1131 694 483 346 273 1211 1342 1266 1178 1122 353 491 686 1037 1407 2055 3069 4487 6110 6822 2024 5349 19177 36925 10707 
878 1146 1705 2422 3296 4188 4589 4235 3296 2583 2210 2862 3951 4341 4282 2519 5065 10838 15748 10070 4671 2282 1241 731 471 1942 1894 1849 1641 1400 1152 1563 2247 3107 4053 4819 4985 4289 3229 2272 2804 3699 4605 4889 4356 2049 3895 8152 15637 14891 7511 3649 1859 1123 661 2056 2197 2130 1913 1683 1025 1450 2007 2733 3743 4830 5259 4821 3799 2847 2403 3439 4477 5056 4827 2857 5869 12301 18086 11636 5471 2707 1561 902 614 2231 2270 2162 1925 1675 1176 1746 2477 3160 4425 5225 5245 4467 3418 2384 2881 4038 4806 5130 4481 2086 3886 8593 16371 15735 8038 3683 1815 1151 651 2223 2290 2219 2076 1872 
395 547 763 1009 1473 2217 3199 4522 5651 5510 2573 5389 12072 17328 9826 10160 10468 6791 3766 2113 1255 758 524 361 264 1181 1196 1177 1108 990 506 669 945 1346 1900 2843 4126 5505 6000 5325 3913 8862 17361 15114 6972 8849 11730 9098 5345 3006 1657 1081 727 494 368 1195 1280 1219 1147 1174 451 626 798 1163 1660 2404 3614 5097 5961 6209 2795 6181 13430 19209 11030 11244 11384 7424 4142 2354 1381 893 612 438 349 1266 1324 1307 1193 1131 557 773 953 1441 2119 3087 4424 6038 6780 5953 4240 9219 19153 16252 7573 9855 12701 10008 5625 3180 1842 1097 746 500 368 1313 1340 1368 1316 1262 
646 1042 1729 3023 5756 10583 12396 8123 4250 2332 3526 4041 3998 3482 2638 2358 3404 4467 5368 5092 4027 2908 2034 1362 938 1795 1961 2254 2223 2123 878 1469 2415 4434 8355 12811 10833 6091 3167 1674 3952 4165 3811 3145 2386 1997 2943 4117 5149 5341 4732 3524 2458 1749 1195 1650 2022 2160 2261 2164 769 1212 1983 3459 6763 11945 14022 9251 4753 2674 3858 4490 4411 3946 2986 2782 3810 5332 5943 5744 4413 3133 2265 1521 1074 1946 2250 2440 2478 2261 875 1515 2603 4788 9179 13692 11900 6710 3511 2018 4322 4575 4207 3444 2657 2246 3213 4437 5823 5972 5170 3870 2822 1875 1311 1898 2201 2406 2411 2421 
365 469 578 759 1020 1497 1901 2517 3134 3451 253 524 1567 6882 85511 22154 6062 2137 1088 557 342 215 166 118 89 991 914 900 808 761 441 553 755 1012 1345 1693 2253 2947 3503 3824 537 1198 3666 27543 33235 33959 12410 3886 1768 953 560 346 204 140 111 996 1007 932 939 905 453 541 726 870 1214 1649 2166 2947 3570 3989 384 790 1973 8716 100257 25421 7217 2800 1344 699 449 293 208 159 100 1038 1056 984 990 903 480 610 776 1059 1469 1927 2510 3344 4035 4159 386 993 3206 28054 34334 36679 12994 4048 1678 857 482 309 232 129 102 1132 1125 1105 1071 909 
3641 7296 12973 12935 7234 3515 2071 1111 653 474 1560 1703 1663 1525 1448 783 1094 1595 2174 3130 4179 5055 4950 4310 3173 3251 4856 6523 6932 5600 5444 10751 15123 10819 5561 2849 1579 960 664 437 1697 1776 1619 1573 1388 697 993 1366 1950 2798 3861 4919 5531 4817 3908 2725 4149 6096 7339 6761 4039 8018 14268 14197 8013 4034 2282 1264 870 506 1782 1751 1807 1721 1560 885 1184 1595 2451 3476 4605 5270 5515 4706 3478 3506 5391 7074 7566 6119 5882 11678 15945 11315 5790 2970 1631 1004 633 462 1881 1868 1873 1685 1475 693 1085 1469 2119 2958 4134 5302 5781 5374 4096 3007 4511 6525 8027 7341 
110 160 207 332 505 891 1621 3755 10672 25864 21435 30817 7165 2387 998 3851 3629 2967 2205 1712 1179 910 683 500 380 932 969 1021 1086 1014 145 202 281 467 789 1351 2724 6548 19494 24489 39418 15806 4390 1729 919 4007 3920 3456 2757 1966 1526 1123 867 582 478 934 988 1077 1106 1048 145 192 264 376 609 1023 1952 4216 11460 27866 23119 33224 8078 2740 1265 4178 3813 3155 2466 1793 1249 1006 735 557 434 917 979 1171 1152 1154 147 187 290 447 761 1334 2782 6796 20362 26177 41707 16810 4555 1715 831 4367 4389 3728 3021 2212 1567 1132 917 667 546 947 1067 1036 1186 1166 
1399 1759 2263 2578 2890 2882 2555 2021 1738 1240 1234 1592 1916 2309 2529 141 303 647 1927 16424 37807 2954 790 352 174 3066 2726 2236 1716 1330 1813 2202 2671 3034 3214 2980 2597 2039 1588 1277 1545 1892 2220 2588 2711 151 257 520 1520 5759 102962 9417 1789 653 307 3443 3208 2693 2190 1705 1636 2091 2562 3056 3350 3294 2942 2351 2027 1508 1506 1830 2239 2687 2817 187 365 847 2746 19827 45367 3824 1116 420 228 3593 3136 2534 2052 1541 1838 2416 2927 3355 3433 3242 2850 2232 1743 1349 1671 2046 2575 2859 2971 126 209 462 1114 5283 109353 9177 1548 563 259 3710 3457 3025 2322 1837 
1640 2424 3521 5120 6329 6272 4695 3291 2121 1399 2034 2313 2614 2575 2415 1208 1973 3444 5815 8793 9263 6605 3929 2255 1380 3065 3359 3224 2867 2403 2025 3212 4659 6288 6954 5944 4285 2810 1742 1239 2243 2609 2857 2820 2395 1113 1750 2827 4615 7791 10068 8576 5523 3193 2003 2945 3423 3479 3346 2791 1723 2568 3818 5553 6946 6544 5119 3382 2285 1504 2211 2501 2675 2671 2594 1368 2212 3714 6262 9439 9754 6985 4203 2534 1524 3247 3468 3427 3040 2515 2228 3402 4966 6714 7443 6452 4429 3073 1997 1333 2589 2775 3117 2974 2627 1138 1808 3092 5179 8438 11163 9417 5841 3487 2006 3082 3627 3779 3515 2926 
304 657 1549 5901 59724 14310 2567 909 445 213 2501 2435 2249 1877 1508 1336 1777 2328 2751 3130 3211 3074 2503 2001 1580 1745 2286 2946 3304 3529 543 1245 3372 18498 55013 6123 1798 756 411 227 2659 2440 2102 1768 1371 1277 1665 2084 2610 3145 3381 3278 2909 2326 1797 1550 2035 2722 3257 3636 397 777 1923 6914 63494 16060 3037 1144 557 299 2591 2588 2356 2000 1641 1388 1802 2449 2863 3328 3312 3062 2615 2142 1635 1750 2331 2982 3505 3668 445 962 2969 17870 55642 5630 1534 581 325 169 2788 2547 2125 1802 1434 1277 1692 2237 2735 3208 3566 3407 3157 2563 1939 1593 2136 2820 3324 3937 
607 750 1086 1704 2441 3574 4731 5547 5326 4144 2858 4527 6755 7720 6263 5795 9880 11351 7734 4230 2328 1320 830 531 409 1476 1544 1505 1445 1231 761 1000 1406 2023 2939 4326 5472 5742 4848 3552 3800 5907 7726 7816 5493 4325 8022 11610 10425 6001 3253 1881 1177 790 530 1502 1537 1632 1475 1386 660 865 1313 1824 2684 3940 5194 6107 5854 4577 3122 5121 7542 8492 7069 6608 11235 12578 8657 4776 2617 1529 985 704 493 1668 1733 1659 1569 1403 785 1093 1594 2317 3386 4904 6063 6412 5458 4090 4212 6739 8704 8474 6378 4936 9037 13060 11460 6943 3711 2034 1290 765 550 1705 1714 1717 1788 1521 
2512 3917 6013 7538 6981 5091 3316 2023 1327 908 1703 1992 1974 1935 1683 816 1325 2069 3249 5128 7381 8019 6189 3979 2445 3712 4750 4862 4226 3182 3178 5043 7113 7879 6614 4221 2761 1650 1126 823 1874 1940 2023 1994 1821 786 1142 1687 2687 4426 6594 8376 7428 5200 3298 3381 4414 5176 4772 3837 2665 4412 6666 8378 7757 5632 3613 2149 1543 974 1889 2067 2136 2141 1975 974 1347 2216 3515 5750 8252 8690 6782 4362 2727 4186 5108 5207 4669 3528 3514 5579 8055 8681 7021 4614 2971 1803 1289 831 2041 2281 2299 2077 2032 864 1282 1857 2959 4725 7281 9194 8408 5728 3587 3821 4956 5558 5301 4461 
6333 8685 8245 5619 3459 2045 1245 781 567 406 1189 1271 1238 1222 1247 454 674 981 1367 2082 3194 4976 6623 6836 5520 5216 9868 13810 9715 5059 7922 9234 7338 4549 2866 1743 1097 788 521 385 1332 1368 1289 1178 1194 448 622 828 1194 1809 2767 4369 5978 7283 6522 3834 7630 13409 12918 7368 7200 9747 9159 6254 3797 2388 1497 941 687 445 1318 1402 1433 1459 1330 543 786 1056 1524 2370 3646 5464 7298 7602 6312 5930 11429 15370 10843 5583 8503 9938 7760 4829 2899 1822 1100 787 534 420 1469 1471 1421 1408 1314 485 650 876 1310 1874 2881 4522 6524 7800 7171 4230 8105 14123 13792 7756 
683 873 1163 1575 1981 2642 3166 3462 3320 3026 1644 2574 4198 6388 7755 4364 17931 33036 8155 2622 1112 580 322 211 135 1534 1527 1371 1199 1093 802 1047 1465 1866 2512 3068 3646 3691 3302 2840 2230 3574 5480 7586 8007 3053 9486 36923 18633 4975 1999 959 545 338 239 1604 1556 1513 1376 1272 752 1017 1338 1715 2256 3007 3615 3800 3809 3461 1916 2959 4747 7129 8723 5527 20855 38115 9622 3189 1381 750 449 292 193 1717 1722 1555 1420 1233 867 1080 1483 2054 2607 3358 3816 3990 3675 2976 2462 3822 5949 8308 8686 2990 9642 38853 19388 5012 1787 845 501 278 188 1687 1707 1673 1502 1355 
7977 6595 4388 2745 1695 1158 775 565 399 276 921 997 1041 1047 975 278 390 566 793 1122 1700 2732 4366 6540 7761 2087 12910 62244 4839 1170 7713 5617 3578 2227 1457 957 678 477 370 252 999 935 1073 967 917 297 347 495 702 970 1484 2325 3619 5597 7511 1555 5447 60224 15757 2766 8537 7102 4704 2930 1851 1226 893 574 452 331 1016 1027 1084 1023 1038 318 445 606 890 1290 1802 2987 4724 7160 8353 2827 15608 68712 6093 1628 8301 6181 3861 2366 1644 1019 759 526 403 290 1012 1069 1113 1045 1054 271 356 532 720 1098 1614 2388 4015 6129 8282 1300 5029 64371 15576 2370 
359 447 586 767 1099 1438 2022 2889 3746 4446 320 814 2690 36681 17447 13910 6609 2999 1570 924 589 405 251 171 133 1008 964 945 897 853 379 510 621 958 1289 1751 2524 3511 4440 4931 611 1745 9059 112053 5700 17473 10441 4829 2450 1391 805 572 382 258 228 1039 1048 986 1002 908 365 471 615 833 1115 1570 2322 3123 4101 5087 472 1056 3499 41946 20609 15416 7516 3516 1775 1076 697 444 302 238 157 1073 1075 1055 956 893 423 543 764 1109 1423 1984 2825 3907 4786 5438 548 1518 8628 119222 5524 19357 11532 5116 2608 1442 852 553 354 275 217 1100 1120 1175 1021 1020 
3501 4348 4724 4426 3362 2542 1788 1295 924 660 1128 1331 1387 1479 1516 336 494 799 1338 2337 4858 10507 16704 11212 5381 8631 9054 6424 3922 2358 4161 4848 4781 4096 3112 2217 1580 1081 829 564 1304 1489 1501 1561 1421 332 495 688 1118 1849 3562 7496 15029 15644 8229 7440 9609 8314 5230 3238 3822 4848 5301 4789 3857 2705 1939 1431 1034 716 1298 1460 1582 1640 1594 423 625 925 1475 2733 5485 11942 18617 12842 5891 9524 10105 7105 4345 2652 4413 5299 5191 4335 3405 2362 1767 1191 891 689 1423 1549 1616 1711 1648 316 454 723 1130 1904 3758 8077 16103 16830 8658 8150 10481 9071 5834 3518 
31 38 61 98 125 286 508 1147 3834 34027 59658 9298 2111 841 400 2968 2741 2210 1828 1340 1025 814 580 484 375 765 845 922 944 917 51 58 91 159 258 448 995 2574 11338 77174 30681 4882 1613 694 390 3147 3071 2717 2176 1659 1243 975 765 604 480 762 894 925 1020 1013 44 58 79 128 207 341 642 1485 5014 40823 71677 11614 2803 1100 563 3556 3126 2640 2106 1585 1208 940 675 553 462 884 1016 1067 1111 1113 37 68 74 115 212 348 771 2153 11248 83999 32811 4772 1475 653 301 3584 3440 3062 2446 1846 1466 1170 899 628 505 867 950 1058 1100 1137 
1225 1599 2171 2653 3216 3454 3246 2846 2266 1768 1538 1972 2576 3063 3420 580 1075 3118 14459 50308 8571 2322 939 436 224 2640 2468 2165 1799 1490 1418 1930 2489 3055 3449 3537 3206 2657 2068 1621 1810 2419 3049 3376 3497 517 963 2201 7012 40770 23130 4725 1646 786 451 2716 2723 2430 2044 1631 1290 1739 2233 2784 3324 3566 3487 2923 2445 1797 1653 2166 2701 3309 3501 713 1462 3820 16071 54264 9633 2740 1137 564 364 2720 2582 2243 1808 1483 1501 2038 2555 3242 3551 3619 3310 2753 2126 1622 1845 2427 3066 3554 3724 427 839 1981 6714 41674 23612 4423 1513 690 364 2816 2851 2373 2227 1725 
49 73 81 97 178 306 668 1553 5837 50232 49715 12768 3030 1174 500 3375 3138 2618 2020 1526 1175 944 709 563 424 859 982 1025 1055 1109 69 90 139 195 285 536 1212 3306 16041 57976 31729 6250 2110 974 520 3286 3213 2769 2339 1830 1290 1033 749 572 496 790 874 981 1075 994 51 77 93 164 235 461 836 2013 6845 54700 53612 14173 3685 1508 736 3519 3276 2708 2121 1730 1277 970 738 535 443 910 1034 1082 1100 1048 52 71 103 162 252 470 1015 3008 17154 66673 35645 6682 2072 918 464 3821 3559 3169 2702 2077 1476 1171 882 690 545 946 1027 1168 1155 1195 
1125 3081 15169 49665 7155 2028 789 415 242 144 1769 1725 1634 1443 1279 952 1199 1556 2051 2626 3028 3339 3215 2822 2321 1976 2882 4118 5464 5805 2117 7147 45418 20277 4068 1477 726 393 257 144 1782 1733 1554 1412 1150 829 1007 1349 1812 2311 2945 3350 3408 3078 2586 1579 2438 3543 4947 6137 1384 3770 17455 54266 8417 2476 1010 553 310 211 1912 1792 1744 1591 1316 939 1232 1688 2184 2716 3354 3519 3418 3008 2462 2137 3048 4408 6038 6519 1918 6819 47429 20442 3847 1319 566 317 185 119 1972 1835 1685 1445 1266 864 1196 1497 1955 2487 3180 3629 3647 3407 2785 1737 2513 3855 5276 6382 
146 197 325 490 823 1732 4129 13895 31058 11052 10642 10822 6655 3550 1997 3492 3706 3552 2990 2253 1724 1259 1002 735 584 1036 1225 1316 1280 1391 218 334 498 794 1369 3055 8185 27703 23404 6869 12574 9512 5418 3014 1731 3447 3851 3980 3513 2892 2291 1642 1196 951 685 1172 1210 1394 1428 1390 171 272 353 601 1013 2113 4862 15500 34444 12443 11813 11572 7250 3992 2273 3755 3934 3815 3133 2495 1924 1416 1093 768 597 1159 1351 1376 1426 1444 187 231 444 650 1311 2895 8460 29408 24349 7143 13260 10176 5681 2984 1860 3659 4211 4140 3837 2947 2458 1750 1315 933 749 1096 1262 1479 1530 1518 
488 647 901 1197 1813 2594 3627 4638 5133 4875 2452 4520 8744 13291 10705 10676 14013 9801 4854 2521 1356 858 566 394 216 1360 1302 1241 1214 1138 623 848 1194 1529 2271 3080 4263 5284 5415 4551 3434 6630 11913 13710 8624 8091 14161 13527 7470 3715 1947 1179 736 485 339 1340 1351 1411 1331 1189 519 722 990 1370 1895 2739 3804 4741 5374 4946 2660 4848 9215 14109 11479 11548 15244 10160 5072 2596 1562 944 607 440 304 1287 1400 1337 1290 1125 614 857 1222 1734 2411 3427 4918 5686 5873 4898 3741 7115 12643 14758 9129 8934 15366 14537 7783 3842 2011 1172 725 539 376 1495 1517 1427 1356 1353 
367 526 635 876 1177 1698 2349 3098 4223 4866 680 1698 5829 42551 20625 15153 8048 3885 1964 1074 701 439 327 251 157 1097 1075 1005 976 884 413 521 781 1010 1357 1895 2745 3812 4553 4895 1310 3352 15295 58028 8519 16506 11780 5691 2903 1502 951 618 402 276 236 983 1088 1039 985 928 362 469 656 898 1231 1729 2382 3446 4370 5062 868 2063 6777 46567 22539 15961 8713 4127 2079 1289 738 522 378 255 201 1052 1128 1099 1025 931 489 574 818 1096 1483 2096 2979 4033 5062 5326 1117 3103 15788 61960 8216 17516 12806 6093 2950 1575 958 612 435 279 204 1061 1145 1144 1088 994 
6016 18646 23494 8274 3050 1361 702 445 260 212 1282 1413 1271 1241 1082 662 828 1108 1460 2128 2727 3424 3847 3690 3251 2159 3954 6927 10623 10101 11493 28947 16096 5339 2308 1162 656 453 264 203 1394 1443 1367 1257 1114 616 782 1051 1340 1913 2446 3283 3846 4133 3667 1830 3260 5648 9678 12051 6623 20361 26186 8867 3339 1618 873 550 326 251 1436 1463 1319 1244 1148 701 904 1144 1700 2168 2994 3645 4126 4004 3479 2355 4216 7505 11630 10942 11811 30237 16123 5384 2178 1093 612 380 269 169 1463 1475 1456 1302 1162 630 827 1069 1443 1975 2708 3451 4081 4235 3942 1959 3256 5978 10125 12607 
1693 2388 3543 4914 5681 5402 4162 2882 1976 1316 1810 2127 2327 2422 2336 1102 1712 3026 5452 8908 10805 7628 4336 2462 1436 3115 3337 3309 2798 2236 2207 3298 4555 5787 6120 5075 3801 2468 1717 1191 2153 2339 2584 2458 2334 940 1462 2526 4376 7860 11483 10143 6303 3534 2030 3076 3573 3620 3346 2638 1941 2827 4172 5507 6585 6055 4638 3227 2185 1551 2045 2382 2780 2718 2564 1281 2081 3496 6273 10525 12121 8704 4911 2780 1655 3535 3916 3838 3281 2536 2298 3411 4937 6246 6461 5577 3977 2802 1814 1306 2295 2620 2791 2780 2568 927 1575 2639 4568 8196 11965 10854 6705 3697 2056 3410 3830 3872 3495 2860 
