1151 1745 2608 3789 5157 5949 5267 4061 2825 1883 2179 2797 3075 3238 2970 1659 2993 5227 8704 10678 8011 4610 2522 1514 906 2442 2605 2566 2301 1850 1490 2178 3251 4562 5641 5860 4886 3425 2330 1595 2454 3015 3338 3079 2809 1358 2279 4035 6976 10642 10061 6248 3530 1933 1239 2362 2539 2589 2462 2189 1321 1953 2826 4251 5615 6454 5903 4501 3151 2063 2404 2920 3403 3673 3210 1954 3189 5822 9493 11667 8674 5021 2791 1715 1044 2775 2790 2752 2536 2120 1718 2501 3644 5303 6670 6829 5657 3859 2684 1834 2835 3406 3750 3768 3278 1505 2496 4605 8183 12028 11450 7195 3920 2299 1458 2695 3038 3054 2843 2381 
854 1120 1416 1815 2387 2941 3339 3278 2951 2432 1628 2351 3436 4668 5657 1685 5338 31429 26107 4728 1571 693 408 240 151 1901 1794 1556 1348 1193 954 1353 1740 2232 2848 3399 3548 3235 2833 2277 2073 2950 4270 5571 5873 1359 3341 13272 54186 11273 2981 1220 623 381 195 1834 1902 1729 1581 1343 893 1194 1531 2055 2617 3199 3530 3577 3262 2686 1736 2479 3761 4925 5874 2088 6422 34268 28379 5501 1946 913 505 321 203 1870 1902 1608 1468 1294 1051 1427 1979 2469 3083 3508 3741 3683 3093 2428 2239 3252 4446 5906 6320 1217 3256 13620 57784 11092 2864 1116 518 293 202 2080 2044 1857 1624 1415 
20 36 55 85 143 283 655 2564 40369 14299 16050 9430 4464 2139 1193 2902 2986 2774 2287 1889 1556 1167 806 701 513 899 1061 1116 1175 1166 41 49 72 128 247 514 1493 8348 112300 4674 13870 6645 3257 1737 1028 2862 3150 3086 2649 2124 1704 1261 1010 777 552 924 1062 1134 1141 1236 30 36 60 93 163 344 909 3201 45519 16978 17791 10728 4945 2499 1436 3335 3207 3016 2677 2045 1564 1275 961 698 578 1030 1132 1255 1317 1356 27 47 81 111 206 439 1277 8058 128263 4381 15477 7616 3629 1828 1103 3359 3568 3482 3096 2487 1994 1524 1159 838 666 949 1109 1211 1360 1433 
5791 10689 13389 9033 4533 2487 1381 837 552 380 1428 1496 1447 1346 1213 654 892 1220 1783 2480 3524 4513 5224 4938 3931 3514 5913 9129 9756 6931 8425 13694 12442 6822 3509 1950 1154 774 462 363 1475 1542 1500 1327 1254 587 808 1027 1527 2209 3043 4262 5341 5517 4584 2709 4890 8112 10501 8983 6093 11597 14620 9748 4965 2641 1562 924 621 466 1437 1527 1597 1494 1404 689 959 1383 1878 2755 3749 4984 5536 5337 4244 3789 6460 9749 10479 7489 8921 14605 13122 7212 3632 2034 1140 756 507 351 1585 1578 1525 1521 1322 659 838 1186 1579 2396 3340 4624 5618 5829 4885 2977 5036 8633 11177 9544 
135 200 236 435 834 1772 4928 19788 32529 7937 9860 9105 5943 3455 2002 3223 3636 3536 3086 2427 1931 1353 1056 802 608 1060 1204 1326 1409 1416 202 281 446 716 1413 3208 9911 37660 16857 4592 10041 7668 4567 2681 1619 2920 3492 3558 3295 2737 2166 1660 1225 896 763 1011 1225 1348 1399 1463 143 252 362 577 1055 2217 5788 22609 36678 9060 10949 10176 6583 3838 2260 3695 3870 3842 3381 2712 2077 1554 1160 883 694 1161 1407 1475 1512 1708 163 236 395 648 1390 3185 10769 41710 19020 4736 11542 8670 5156 2804 1777 3413 4071 4051 3758 3216 2452 1860 1447 1041 826 1217 1285 1522 1611 1651 
168 258 344 467 716 1090 1816 3382 6612 11898 3176 44923 15502 1979 621 5075 4108 2952 2071 1437 1072 704 521 436 300 894 954 988 969 890 242 322 396 608 934 1497 2619 4962 9817 14022 10250 95374 5495 1318 514 5328 4717 3678 2607 1800 1255 894 672 490 403 871 904 1015 1015 1067 176 255 387 500 776 1184 2107 3694 7043 12559 4130 49825 17507 2558 864 5281 4266 3159 2200 1502 1121 758 568 462 356 928 967 1022 1052 1005 217 302 443 626 996 1606 2746 5431 10558 15924 10081 104090 5057 1144 439 5917 5324 4055 2875 2043 1411 1068 734 533 410 1025 1048 1154 1141 1120 
2517 3307 4026 4226 3837 3190 2338 1724 1232 911 1305 1480 1623 1747 1811 390 629 1052 1972 4253 10692 21086 13431 5252 2323 5729 5527 4353 3128 2141 2986 3690 4228 4299 3580 2726 2092 1451 1069 849 1475 1634 1776 1868 1745 342 576 892 1513 3012 6870 17263 20078 8618 3618 5555 5995 5232 3790 2565 2727 3584 4405 4620 4030 3404 2508 1862 1357 987 1466 1587 1804 2005 1949 484 759 1225 2276 4762 11676 22990 14706 5894 2654 6199 6031 4731 3291 2223 3394 4271 5072 4894 4184 3192 2329 1735 1299 915 1665 1799 1957 2114 1995 397 570 910 1634 3285 7779 19397 22560 9740 3954 6281 6733 5753 4375 3034 
2224 5032 12284 19679 10877 4441 2071 1142 679 436 1708 1831 1728 1626 1389 914 1223 1815 2391 3251 4038 4245 3939 3377 2461 2494 3724 5192 5547 5007 3686 8309 18516 17198 7570 3337 1748 978 607 396 1856 1922 1812 1603 1413 826 1097 1589 2230 3077 3752 4384 4464 3870 3066 2321 3348 4688 5745 5791 2618 5686 13268 21004 11906 4890 2392 1281 743 483 1893 1975 1904 1741 1520 1057 1341 1851 2651 3457 4226 4594 4432 3676 2681 2824 3934 5369 6072 5402 3897 8987 19933 18629 7978 3500 1723 986 648 434 2156 2057 1974 1719 1532 934 1214 1701 2292 3171 4076 4757 4963 4248 3456 2529 3574 4943 6323 6298 
590 782 1225 1791 2741 4297 5941 6787 5783 4119 3431 4894 6371 6273 4971 4505 7195 8682 7244 4701 2775 1682 1131 739 523 1541 1640 1594 1487 1352 780 1046 1602 2462 3744 5485 6996 7048 5413 3566 4497 6279 7113 6325 4481 3861 6390 9214 9059 6663 4036 2439 1488 1031 628 1498 1706 1758 1751 1542 610 893 1326 1916 3022 4602 6493 7452 6298 4373 3614 5377 6860 6978 5267 4873 7757 9468 7901 5041 3004 1848 1168 772 546 1650 1769 1775 1699 1509 809 1214 1736 2673 4193 6067 7747 7736 5974 3924 5002 6966 7884 6942 5018 4259 6840 9945 9888 7134 4323 2509 1630 1081 682 1726 1944 1917 1810 1777 
340 467 626 844 1229 1724 2606 3984 5299 6198 1602 4329 17325 37031 9011 10916 7960 4649 2564 1555 957 647 450 326 229 1078 1074 1039 1023 927 399 534 741 981 1431 2170 3195 4680 5812 6089 2704 8737 34927 19879 5098 10629 9751 6147 3411 2004 1300 827 531 373 272 1032 1055 1118 1082 977 337 499 671 865 1332 1930 2867 4139 5751 6544 1984 5026 18849 40594 10201 11507 8682 5010 2810 1662 1073 689 524 370 272 1117 1146 1138 1171 1087 445 610 781 1164 1620 2379 3529 5035 6544 6738 2816 8802 38814 21254 5223 11837 10693 6908 3777 2181 1436 897 626 385 309 1167 1216 1208 1169 1147 
242 378 434 658 924 1494 2192 3503 5366 7123 1207 4178 41862 19092 2784 7990 5593 3706 2244 1316 918 601 412 330 239 1003 1004 937 973 899 322 443 633 855 1250 1816 2952 4604 6864 7953 2676 12498 78535 7434 1906 8897 7423 4987 3053 1898 1222 832 561 439 321 1071 1058 1074 1027 977 311 405 535 742 1057 1631 2473 3858 6061 7745 1508 5244 48043 23137 3578 8760 6465 4051 2447 1591 1038 720 525 372 296 1027 1111 1116 1060 1003 359 462 645 917 1323 2117 3166 5112 7310 8618 2329 12453 84394 7150 1597 9486 7838 5169 3112 1984 1263 857 609 460 308 1091 1093 1181 1108 1066 
2356 2807 3137 3123 2809 2358 1849 1470 1101 846 1079 1270 1491 1529 1662 65 107 184 333 735 2732 28081 24794 2578 774 6647 5078 3436 2194 1371 2719 3132 3338 3126 2694 2250 1692 1300 1046 756 1215 1404 1547 1654 1796 56 107 167 308 690 1665 8087 110623 7657 1689 7263 6249 4365 2892 1886 2524 2994 3135 3179 2917 2477 1916 1463 1144 855 1085 1249 1534 1719 1689 101 117 221 477 1060 3458 30826 27715 3253 994 6874 5175 3440 2210 1541 2926 3344 3525 3341 2947 2435 1875 1420 1118 865 1314 1507 1661 1783 1914 65 90 149 259 569 1519 7650 116864 6986 1483 7990 6735 4628 3131 2049 
402 464 640 848 1235 1662 2406 3342 4217 4777 966 2207 7070 31540 21497 15643 9374 4366 2121 1167 718 467 310 253 181 1047 1101 1025 1001 916 454 551 816 1163 1525 2148 2971 3949 4702 4851 1677 4326 15961 41524 10879 16118 13860 6754 3269 1769 1019 611 456 309 247 1078 1084 1106 1043 992 382 558 761 981 1330 1951 2714 3708 4711 5231 1263 2739 8280 35418 24031 17879 10611 4864 2526 1419 858 536 384 277 209 1200 1145 1165 1059 984 525 658 901 1202 1718 2301 3184 4286 5157 5425 1596 4249 16961 44962 11226 17706 15110 7293 3363 1775 1032 662 425 312 250 1206 1192 1125 1145 1064 
192 312 385 540 863 1329 2322 4150 7731 11556 5069 24679 29207 6027 1888 5516 4660 3477 2375 1577 1091 823 567 413 327 987 948 994 984 1032 265 367 529 775 1199 1883 3262 6179 10713 12045 11360 47026 13637 3711 1503 5848 5319 4305 3082 1994 1424 979 713 494 415 959 967 1100 1048 1085 229 330 468 630 972 1573 2552 4736 8637 12535 5969 27835 32627 6853 2310 5915 5109 3831 2605 1837 1321 858 649 487 384 1059 1097 1062 1125 1057 271 371 528 769 1195 1914 3594 6528 11275 12939 12062 50023 13977 3502 1306 6173 5831 4629 3341 2216 1526 1086 740 572 444 1003 1078 1176 1212 1158 
669 925 1253 1768 2418 3195 3897 4286 3972 3202 2078 3334 4824 6277 6261 4592 10661 18192 11472 4916 2272 1204 709 483 310 1587 1652 1520 1351 1177 875 1156 1531 2320 2919 4064 4555 4465 3793 2942 2767 4197 5966 6894 6167 3371 7413 16277 17080 8127 3708 1842 1047 686 461 1668 1666 1673 1570 1391 770 1077 1442 1991 2780 3638 4446 4793 4428 3593 2472 3670 5381 7214 7297 5181 11981 20112 13184 5641 2644 1539 881 521 362 1731 1766 1746 1516 1336 909 1248 1775 2438 3302 4267 5006 5049 4270 3245 3109 4709 6795 7677 6865 3557 8152 18109 18870 8829 4033 1916 1094 620 433 1863 1926 1828 1646 1508 
286 635 1885 16463 38950 2728 780 350 187 96 2108 2075 1868 1715 1289 1133 1521 1855 2381 2890 3005 3007 2771 2290 1810 1761 2408 3198 3900 4295 470 1339 5575 105851 9256 1793 630 299 155 93 2221 2027 1781 1556 1352 1038 1309 1713 2246 2715 3072 3106 3014 2495 2040 1473 2102 2907 3698 4464 374 791 2598 19129 43982 3595 1040 417 195 100 2316 2179 1969 1780 1466 1211 1557 1985 2484 2978 3189 3319 2850 2437 1890 1802 2509 3338 4083 4710 424 1112 4919 113879 8511 1483 525 208 123 82 2383 2217 1968 1616 1386 1113 1430 1875 2317 2861 3399 3552 3221 2727 2199 1614 2255 3067 3939 4676 
364 547 810 1209 1861 3054 5387 7910 8854 6675 4885 8256 10338 7858 4774 5538 6522 6140 4620 3147 1969 1277 907 613 441 1254 1288 1312 1380 1259 486 697 946 1541 2582 4275 6803 9361 8334 5432 6698 10064 9833 6371 3804 4706 6321 6877 5530 3866 2513 1714 1177 849 575 1323 1304 1417 1373 1316 444 597 912 1319 2055 3480 5784 8792 9669 7349 5387 9028 11216 8771 5154 5894 7008 6631 4947 3331 2222 1455 941 726 505 1387 1487 1561 1384 1449 572 738 1051 1542 2730 4683 7443 10092 9180 6138 7379 10983 10574 7076 3950 5094 6966 7248 5972 4335 2802 1802 1319 863 572 1381 1425 1559 1515 1436 
271 352 535 835 1152 1956 3353 5852 9076 10255 5613 14730 21084 9882 3901 6215 5914 4711 3115 2075 1460 952 653 495 388 1055 1133 1212 1123 1114 366 493 686 1012 1665 2693 4747 8014 10918 9436 9922 21916 16702 6580 2870 6161 6594 5600 4077 2793 1925 1278 910 607 464 1083 1200 1225 1226 1194 297 407 673 902 1367 2113 3750 6398 10163 11032 6516 16249 23344 10792 4387 6821 6405 5079 3541 2334 1601 1056 767 576 412 1155 1244 1307 1261 1270 368 501 754 1108 1654 2948 4972 8415 11243 9760 10152 22737 17407 6642 2952 6519 7022 5917 4258 2809 1946 1274 913 657 481 1153 1194 1297 1279 1253 
95 146 196 339 658 1428 5274 37159 22061 3798 8420 7456 4748 3031 1818 2779 3161 3222 2971 2514 1927 1551 1113 823 653 1105 1213 1347 1479 1582 141 203 340 608 1196 3147 14096 62204 9225 2502 8603 6311 3960 2487 1523 2810 3321 3437 3334 2864 2314 1891 1410 971 798 1121 1243 1400 1516 1564 103 176 261 459 898 1898 6255 40891 24428 4465 8869 7717 5056 3205 1900 2995 3265 3403 3186 2570 2104 1543 1211 936 716 1201 1329 1485 1538 1669 105 175 248 496 1058 2947 13990 64076 8904 2252 8974 6693 4182 2587 1594 2932 3400 3610 3515 3025 2432 1851 1455 1024 822 1113 1284 1433 1532 1571 
193 289 305 528 726 1174 1938 3502 6466 10655 2703 23691 29959 3011 865 5390 4304 3117 2046 1399 994 662 528 386 280 894 977 954 1028 932 242 321 452 663 1063 1567 2746 5068 9003 12569 7985 96373 9086 1953 715 5885 5097 3910 2698 1865 1234 853 695 449 395 912 986 1068 1011 991 218 324 404 570 824 1273 2195 4031 7369 12250 3636 28546 35424 4021 1208 5977 4825 3459 2485 1668 1070 797 612 487 361 1084 1054 1012 1109 1057 266 345 470 672 1080 1792 2833 5517 10059 13833 7302 106749 8801 1734 615 6591 5767 4305 3042 2083 1498 999 741 518 409 978 1042 1134 1206 1125 
2590 6424 16890 20485 8218 3226 1509 805 570 340 1635 1713 1636 1423 1281 815 1110 1626 2064 2883 3500 3968 3878 3365 2615 2522 3839 5296 6262 5964 4255 11135 23334 14306 5395 2338 1256 749 437 351 1674 1677 1561 1391 1273 696 973 1401 1878 2478 3309 3951 4197 3798 3068 2003 3045 4572 6106 6462 2986 7144 18515 22570 9074 3765 1782 985 636 376 1749 1783 1755 1653 1396 932 1248 1607 2268 3103 3924 4243 4231 3690 2861 2714 4021 5721 7092 6371 4671 12213 26463 15928 5892 2487 1344 706 413 319 1989 1924 1824 1637 1402 834 1079 1546 2146 2866 3824 4499 4662 4311 3549 2388 3554 5202 7008 7404 
2700 3076 3286 3150 2760 2280 1680 1325 978 752 993 1239 1362 1463 1564 81 127 199 399 777 2054 9350 73526 9343 2025 9027 6366 3878 2393 1452 2903 3229 3313 2929 2391 1992 1460 1084 941 676 1144 1293 1376 1449 1468 94 148 267 367 639 1522 4506 30918 31137 4571 9311 7764 4968 2912 1836 2847 3322 3604 3313 2931 2355 1803 1370 1045 798 1158 1259 1472 1519 1609 109 159 286 471 1026 2592 11011 79410 11052 2721 9514 6726 4073 2457 1587 3242 3605 3560 3293 2640 2118 1699 1264 927 693 1218 1432 1517 1632 1669 56 90 195 302 519 1351 4348 33017 32968 4211 10261 8378 5477 3297 2043 
1146 1782 2711 3940 5968 7228 6312 4628 2999 1894 2480 2912 3249 3227 3022 1823 3139 4914 7618 8492 7021 4339 2569 1615 1079 2422 2635 2711 2490 2176 1436 2189 3363 5313 6747 7247 5551 3847 2442 1637 2759 3220 3455 3096 2695 1506 2399 4066 6588 8476 8197 5691 3463 2106 1363 2264 2578 2688 2642 2296 1223 1863 3013 4609 6455 7907 6887 5127 3231 2150 2671 3137 3600 3611 3192 2179 3406 5514 8291 9656 7361 4855 2911 1853 1182 2528 2772 2753 2583 2315 1626 2430 3789 6042 7760 8128 6328 4290 2790 1824 3125 3700 3793 3639 2984 1707 2699 4511 7150 10041 9212 6489 3952 2439 1469 2501 2891 3061 2981 2619 
364 486 665 821 1221 1770 2502 3430 4471 4753 1176 2861 8555 27845 18284 15304 10319 4810 2469 1320 805 469 350 247 193 1036 1089 1087 1006 877 469 627 805 1139 1607 2229 3108 4111 4883 5048 2117 5194 17323 31401 10211 14209 14304 7728 3593 1932 1130 759 445 332 242 1080 1122 1098 1059 997 420 541 737 1011 1373 1927 2795 3928 4899 5251 1554 3356 9591 31656 20443 16934 11526 5651 2768 1553 907 615 394 280 210 1167 1206 1137 1061 1019 494 643 908 1226 1724 2453 3499 4603 5574 5490 2135 5416 18689 35223 11272 16120 15840 8319 4056 2040 1226 783 461 345 271 1186 1225 1261 1279 1116 
6660 7563 6447 4508 2708 1758 1136 787 556 424 1084 1168 1166 1182 1137 381 524 746 1112 1805 2719 4439 6679 8138 6909 6212 14786 18359 8885 3801 7551 7281 5415 3450 2149 1452 961 677 502 378 1117 1186 1225 1117 1099 305 465 729 900 1383 2119 3539 5681 7670 7794 4331 10151 19140 13446 5884 7032 7985 6856 4635 2927 1914 1206 807 612 474 1100 1155 1258 1217 1227 406 590 839 1221 1802 2978 4782 7166 8601 7458 6885 15597 19134 9498 4069 8509 8253 6035 3946 2418 1550 973 804 555 462 1268 1360 1459 1362 1222 383 505 743 1089 1661 2493 3999 6213 8773 8955 4746 11002 21588 15122 6332 
426 536 781 1076 1683 2850 4500 6670 7801 6459 4288 7819 11439 9769 5647 6285 7413 6531 4448 2718 1733 1143 759 549 412 1217 1297 1311 1250 1152 506 702 1053 1570 2322 3821 5991 7935 8073 5713 6269 10888 12199 8256 4363 5763 7465 7869 5873 3845 2401 1609 1003 702 513 1270 1338 1403 1353 1359 450 623 897 1274 1968 3228 5002 7656 8637 7368 4860 8679 13029 11143 6323 7049 8250 7239 4998 3007 2015 1278 910 675 453 1374 1379 1428 1394 1331 562 788 1112 1669 2625 4212 6696 8814 8937 6427 6970 11979 13776 9174 4986 6295 8559 8780 6598 4208 2629 1777 1152 816 558 1397 1452 1553 1541 1496 
4581 12140 22376 11917 4630 2140 1101 637 403 263 1431 1468 1423 1266 1213 730 962 1281 1817 2454 3199 3931 4134 3897 3232 2500 4404 6959 9022 8025 7785 19098 19123 7831 3311 1603 936 589 361 262 1534 1470 1504 1311 1138 673 810 1174 1571 2125 2808 3721 4209 4296 3701 2053 3467 5642 8397 8931 5215 13286 24064 13002 5265 2397 1236 676 479 299 1581 1529 1516 1410 1311 768 1088 1406 1981 2632 3393 4033 4489 4100 3502 2727 4675 7401 9775 8530 8319 20642 20797 8399 3324 1705 923 569 355 252 1731 1593 1572 1395 1344 692 929 1256 1701 2410 3153 3945 4580 4676 3928 2208 3809 6168 9258 9905 
1009 1466 2263 3304 4781 6203 6257 4909 3328 2230 2560 3152 3690 3725 3349 2093 3673 6286 9132 9018 6162 3573 2105 1267 859 2169 2323 2336 2067 1838 1271 1964 2849 4332 5791 6600 6095 4455 3006 2058 3062 3619 3976 3790 3295 1894 3127 5252 8451 10385 8407 5091 2903 1737 1136 2176 2376 2529 2299 2047 1121 1600 2538 3645 5403 6827 6705 5486 3860 2556 2743 3542 4030 4132 3580 2410 4209 6928 10339 10185 6753 4087 2362 1466 915 2320 2569 2565 2337 2051 1404 2036 3071 4663 6436 7334 6634 4751 3257 2155 3258 4027 4370 4185 3606 1931 3222 5696 9244 11376 8930 5393 3191 1866 1194 2371 2702 2732 2625 2308 
314 364 495 646 1042 1494 2299 3995 6161 8216 2225 8639 49792 13713 3036 7326 5701 3796 2448 1538 984 686 524 405 294 972 1011 1078 991 948 310 420 605 856 1293 2112 3229 5245 7658 8616 4771 23342 38679 6717 2211 7617 6941 4893 3190 2009 1244 890 646 450 340 941 1005 1030 1039 1073 325 405 548 756 1150 1636 2660 4329 6906 9147 2874 10226 56333 15919 3781 8002 6265 4208 2607 1686 1121 773 574 413 311 1028 1156 1136 1055 991 347 480 703 949 1355 2158 3568 5805 8491 9494 4627 25246 42144 6875 2034 8280 7723 5501 3461 2276 1476 964 694 544 403 1063 1181 1159 1175 1131 
3051 3257 3069 2683 2160 1679 1253 929 754 630 889 1006 1063 1238 1293 49 67 71 184 294 599 1683 7969 85463 8069 15933 7346 3465 1690 890 3226 3144 2845 2325 1934 1513 1104 862 692 525 970 1078 1110 1200 1258 45 83 118 158 294 535 1233 3942 30625 30415 18957 11520 5133 2519 1420 3246 3445 3139 2872 2334 1752 1394 1030 802 602 972 1043 1120 1218 1208 61 76 130 242 427 870 2147 9503 92983 9353 17036 8048 3565 2014 1056 3636 3654 3359 2738 2137 1611 1346 952 762 561 1090 1216 1266 1393 1371 34 57 98 145 269 451 1059 3669 32122 32166 21257 12644 5486 2569 1391 
585 834 1244 2126 3514 6196 8871 8676 5987 3570 3711 4882 5182 4544 3457 3277 4711 5964 6056 4686 3180 2099 1452 1036 698 1557 1661 1735 1742 1557 712 1141 1784 2980 5156 8211 10042 8030 4952 2907 4688 5498 5393 4314 3227 2706 4183 5837 6559 5837 4280 2764 1756 1239 895 1614 1755 1899 1892 1761 696 992 1526 2385 4062 7026 10138 10131 6750 4002 4370 5517 5892 5148 3919 3711 5254 6720 6716 5323 3801 2421 1671 1119 798 1790 1933 2054 2006 1838 849 1191 1928 3241 5623 9126 11018 8827 5442 3168 5155 6050 5915 4781 3500 3062 4726 6467 7461 6385 4789 3108 2148 1427 988 1722 1923 2051 2081 2073 
695 844 1183 1633 2070 2565 3105 3392 3332 2964 1565 2563 4012 6307 8244 4127 20301 38760 6932 2025 893 459 275 171 122 1544 1519 1379 1233 1064 787 1032 1365 1867 2397 2987 3487 3564 3358 2840 2101 3386 5385 7774 8541 2795 9346 49144 17216 4050 1540 785 463 265 196 1557 1589 1489 1352 1194 744 920 1267 1660 2213 2742 3409 3667 3696 3143 1732 2782 4313 6783 8799 5003 22965 43266 8060 2530 1096 588 295 232 142 1628 1597 1543 1292 1148 863 1133 1543 2000 2641 3187 3784 3792 3461 2973 2238 3587 5623 8343 9114 2582 9230 52027 17396 3881 1428 645 397 220 137 1764 1653 1552 1424 1299 
561 672 984 1355 1910 2666 3649 4418 4676 4258 2269 3911 7149 10765 10210 9657 16584 12199 5522 2748 1428 885 529 372 269 1352 1414 1246 1237 1075 617 870 1196 1631 2287 3162 4244 4682 4570 3868 3068 5485 9157 11270 8461 6818 14183 15990 8739 4079 1986 1151 738 466 329 1419 1365 1387 1263 1188 614 767 1060 1479 2142 2926 3852 4746 4973 4662 2415 4170 7508 11528 11005 10868 18093 13493 6237 2961 1584 942 672 422 289 1375 1528 1432 1323 1228 725 971 1260 1851 2490 3360 4565 5073 5059 4182 3222 5899 9956 12370 9252 7333 15210 17501 9397 4276 2147 1221 732 492 318 1520 1518 1409 1447 1282 
111 151 186 283 438 658 1275 2492 6125 17563 12547 54751 3247 832 347 3928 3236 2619 1942 1366 1103 810 576 450 384 819 851 945 973 964 118 214 286 404 662 1063 1934 4102 11015 24702 84349 10891 1865 684 308 4124 3791 3069 2361 1690 1291 928 675 516 401 815 934 946 929 1023 128 171 229 350 566 856 1431 3086 7223 19321 15166 62018 4065 1109 449 4305 3793 2794 2103 1630 1138 862 617 488 372 919 969 1033 1032 1062 151 203 282 408 648 1055 2018 4476 12296 27469 92217 10969 1634 588 245 4805 4151 3541 2593 1965 1421 1086 829 642 428 945 1006 1109 1092 1123 
5325 25550 28091 5881 1922 840 455 260 165 119 1322 1299 1251 1134 1025 658 867 1133 1524 1932 2556 3041 3400 3332 3000 1775 3220 5976 10103 11589 12401 47243 13814 3672 1486 727 425 260 191 120 1438 1330 1288 1144 985 579 789 1043 1412 1755 2341 3072 3420 3620 3402 1589 2617 4536 8509 12373 6169 28305 31818 6885 2320 1043 620 382 255 164 1413 1436 1336 1225 1055 698 905 1227 1539 2096 2638 3185 3707 3694 3176 2022 3444 6474 11038 12791 13026 50641 14447 3676 1369 681 396 227 155 117 1530 1550 1407 1284 1123 656 889 1174 1443 1962 2607 3304 3758 4101 3795 1612 2666 5216 9240 13631 
124 167 236 497 960 2567 10641 53880 11725 2764 7188 6647 4739 3079 1986 2786 3172 3384 3304 2740 2180 1668 1335 989 724 1211 1427 1557 1569 1658 183 291 428 839 1753 5311 28680 32907 5930 1997 7177 5864 3934 2507 1723 2544 3079 3557 3486 3152 2536 1931 1483 1102 879 1147 1312 1444 1620 1683 170 245 385 697 1234 3133 11786 58536 13195 3299 7586 6859 5048 3314 2092 2926 3418 3579 3340 2810 2318 1740 1422 1016 803 1246 1513 1511 1736 1811 143 216 397 745 1692 5232 30473 35291 5727 1830 8171 6373 4279 2793 1789 2837 3489 3780 3769 3414 2787 2134 1591 1265 970 1317 1449 1616 1832 1916 
306 426 602 980 1493 2547 4455 7612 10154 8660 5855 11083 13188 8286 4207 5655 5941 5082 3769 2569 1695 1099 791 564 386 1139 1254 1261 1253 1189 415 568 830 1343 2055 3642 6215 9828 10541 7351 9013 14104 11768 6382 3228 5239 6346 6100 4734 3204 2189 1447 1022 763 494 1118 1276 1294 1290 1328 389 470 722 1081 1775 2922 4887 8324 11379 9486 6698 12335 14693 9484 4685 6238 6603 5785 4179 2771 1823 1213 955 650 449 1277 1388 1468 1364 1321 420 579 880 1435 2227 3770 6753 10672 11303 7811 9486 15558 12918 6917 3533 5813 6919 6653 5213 3645 2384 1646 1068 770 601 1353 1415 1429 1400 1384 
4584 4217 3493 2517 1852 1337 977 692 537 402 873 894 954 1010 991 166 218 320 495 717 1283 2388 5020 11192 18916 28742 29219 3268 959 419 4561 3990 2888 2265 1559 1096 868 646 443 368 985 1024 1026 999 1036 168 211 310 466 651 1094 1827 3605 7720 16472 9117 89370 9117 2163 840 4925 4502 3591 2667 1924 1366 1070 759 566 400 943 989 1034 1089 1050 187 260 373 519 819 1403 2627 5316 12384 19898 31753 32419 4143 1395 600 4920 4228 3199 2328 1661 1192 917 633 550 369 1024 1013 1112 1131 1118 163 220 309 402 641 1094 1812 3658 8315 17568 8834 94390 8874 1848 734 
607 899 1137 1545 2025 2582 3078 3650 3664 3403 1749 2668 4570 7375 9460 6429 26333 25399 6327 2220 996 531 307 180 150 1522 1512 1336 1230 1124 752 919 1273 1677 2277 2974 3481 3643 3543 2927 2160 3620 6024 8726 9015 3972 13569 38047 12689 3928 1596 813 531 271 202 1516 1488 1406 1298 1162 658 894 1180 1626 2094 2767 3460 3853 3803 3435 1786 2884 4792 7537 9919 7254 27987 26810 7002 2506 1251 665 383 256 200 1541 1546 1413 1244 1109 824 1105 1522 2036 2601 3306 4011 4146 3950 3369 2474 4033 6654 9684 10446 4119 14668 42677 13962 3957 1535 811 443 257 185 1658 1731 1681 1547 1289 
2387 3141 3831 4299 4060 3279 2469 1786 1299 920 1368 1573 1703 1828 1875 445 668 1179 2339 5154 12779 20234 10634 4256 2034 5204 5136 4076 2903 2064 2710 3649 4197 4292 3775 2888 2243 1628 1138 860 1448 1648 1896 1897 1878 417 609 981 1725 3591 8519 19166 16929 7102 3073 4979 5301 4715 3528 2560 2644 3412 4305 4794 4577 3690 2736 2002 1403 1119 1399 1792 1962 2042 1995 524 841 1430 2711 5832 14329 22840 12255 4901 2310 5659 5573 4492 3327 2423 3036 3934 4562 4616 4088 3265 2327 1753 1238 942 1668 1851 2043 2098 2038 407 605 985 1872 3734 9117 20644 18039 7682 3202 5475 5902 5102 3925 2825 
6215 6552 5237 3711 2320 1624 1135 750 536 403 993 1060 1157 1085 1107 328 456 648 912 1517 2367 4074 6896 9235 8718 8136 21905 18571 6447 2641 7020 6196 4751 3155 2015 1411 934 703 503 341 1113 1165 1215 1180 1129 314 409 593 792 1169 1883 3337 5629 8762 10093 5280 14742 26858 11924 4425 6776 6979 5773 4045 2666 1736 1152 820 627 439 1102 1195 1201 1236 1208 342 531 776 1030 1611 2609 4451 7313 10113 9434 8909 24255 20713 7203 3028 7436 6899 5074 3401 2269 1428 1000 712 537 372 1198 1219 1244 1224 1220 320 423 603 856 1307 2122 3518 5928 9398 10811 5477 15642 29180 12670 4445 
4190 5130 5429 4592 3389 2339 1596 1076 757 613 1200 1307 1314 1336 1337 378 520 788 1275 2155 4038 7497 11898 11054 6457 8756 11335 8794 5141 2732 5041 5676 5176 3959 2950 1966 1420 941 699 501 1252 1351 1356 1407 1372 320 469 704 1071 1727 3000 5774 10458 12867 8935 7021 10976 10828 6979 3910 4604 5697 5990 4924 3659 2596 1746 1215 870 603 1256 1362 1438 1485 1462 430 584 907 1385 2421 4226 8127 12873 12245 7048 9766 12543 9431 5418 3109 5652 6228 5713 4547 3248 2104 1566 1004 756 528 1383 1468 1557 1554 1512 362 506 757 1141 1934 3340 6175 11060 14355 9846 7902 12166 12100 7546 4164 
374 524 722 1061 1602 2460 3847 5836 7051 6676 3739 7873 14570 13576 6956 7865 8360 6361 3959 2486 1508 1009 703 502 341 1189 1252 1323 1164 1117 449 645 973 1472 2171 3261 4954 6943 7598 6261 5842 11905 16497 10545 5054 7078 9130 7996 5421 3279 1971 1340 904 590 421 1201 1310 1259 1308 1261 472 592 731 1148 1778 2644 4220 6221 7595 7174 4208 8651 15539 14656 7357 8394 9332 6956 4322 2659 1702 1053 795 553 362 1276 1358 1358 1291 1200 509 741 992 1571 2316 3454 5422 7557 8155 6877 6222 12845 18222 11558 5559 7785 9944 8912 6082 3548 2203 1467 923 635 490 1346 1401 1479 1504 1281 
751 1172 1972 3462 6352 10137 10668 6875 3859 2172 3172 3714 3746 3295 2602 2277 3375 4719 5557 5506 4411 3178 2187 1429 1034 1848 2228 2317 2274 2073 1014 1603 2733 4786 8661 11641 9083 5110 2805 1613 3602 3834 3526 3051 2398 1853 2776 3995 5284 5776 5159 3681 2628 1812 1261 1832 2010 2221 2277 2184 858 1382 2210 3925 6948 11309 11745 7692 4267 2375 3658 4097 4183 3708 2978 2472 3627 5100 6200 5927 5026 3462 2401 1648 1117 2036 2389 2491 2514 2365 1035 1774 3100 5542 9697 12847 10296 5829 3164 1817 4047 4279 3935 3543 2818 2156 3088 4512 6043 6557 5858 4453 2976 2069 1400 2012 2271 2567 2619 2573 
4010 10778 23486 14764 5484 2340 1133 714 432 268 1481 1626 1484 1425 1225 743 1087 1465 1948 2596 3365 3998 4214 3903 3123 2607 4205 6516 8105 7681 6349 16715 21096 8731 3379 1723 966 568 383 288 1521 1518 1405 1218 1084 691 823 1135 1495 2165 2752 3527 3994 3992 3213 2061 3200 5039 7215 7821 4426 11166 24780 15835 6101 2581 1369 790 509 332 1623 1664 1590 1437 1367 827 1112 1496 2017 2742 3440 4171 4476 4039 3216 2736 4414 6763 8566 8049 7194 18973 24546 9772 3889 1816 1003 601 393 247 1812 1773 1605 1464 1342 716 948 1253 1793 2583 3212 4117 4646 4491 3747 2236 3621 5867 8527 9247 
234 318 495 816 1349 2772 6449 15608 18467 8361 8126 9464 7342 4423 2539 3768 4167 4047 3446 2642 2009 1469 1030 735 588 1222 1298 1320 1371 1371 322 467 712 1170 2209 4540 11060 21292 13829 5869 10085 9351 6123 3662 2172 3471 4180 4410 4166 3331 2380 1715 1319 972 664 1205 1312 1419 1448 1556 281 414 605 906 1624 3202 7538 17704 20877 9397 9220 10632 8028 4875 2893 4150 4577 4652 3823 2973 2209 1573 1171 862 638 1262 1387 1528 1562 1523 271 404 742 1171 2242 4672 11764 23007 15005 5894 10638 10052 6789 3924 2214 3881 4589 4879 4272 3510 2681 2008 1428 995 770 1243 1413 1485 1583 1648 
246 424 742 1487 3991 15906 40169 9419 2718 1178 4397 4194 3434 2651 2008 2142 2812 3324 3566 3456 2918 2341 1842 1310 1039 1505 1764 2034 2221 2276 407 640 1177 2879 8220 35416 22046 5337 2039 976 4465 4018 3325 2453 1786 1928 2476 3193 3603 3700 3335 2749 2075 1614 1235 1404 1677 2012 2156 2295 309 529 858 1873 4514 17670 43872 10694 3211 1450 4523 4597 3798 2834 2116 2474 2996 3611 3844 3751 3128 2578 1905 1413 1054 1643 1783 2231 2343 2523 374 537 1040 2532 8106 36872 22925 5284 1965 825 4688 4335 3457 2676 1835 2102 2692 3302 3750 3919 3453 2963 2247 1698 1301 1445 1775 2186 2311 2491 
2850 3390 3618 3345 2749 2190 1729 1254 891 754 1090 1209 1295 1386 1446 154 255 392 703 1419 3445 11261 33558 13516 3951 9031 7353 4542 2695 1617 3377 3833 3751 3422 2671 2073 1569 1156 844 651 1157 1317 1395 1487 1461 196 262 403 663 1133 2438 6735 24130 28117 7682 9474 9177 6396 3763 2217 3219 3781 3887 3638 3082 2357 1706 1236 1002 760 1161 1278 1432 1482 1544 267 327 517 868 1781 3960 12379 36137 14744 4569 9877 7979 4846 2963 1799 3765 4231 4271 3702 3055 2275 1712 1284 999 740 1286 1510 1614 1697 1658 160 218 404 604 1186 2524 7085 26521 30527 8210 10495 10339 7174 4233 2498 
543 736 1027 1285 1739 2107 2516 2872 2923 2861 1199 1963 3313 5901 9425 3719 69637 10268 1666 562 217 129 87 47 33 1361 1266 1181 1032 908 734 957 1249 1549 2026 2576 2926 3174 3084 2758 1594 2784 4766 8165 11158 2081 13194 66012 4223 1167 420 216 117 69 55 1452 1407 1343 1231 1096 628 846 1047 1444 1871 2380 2914 3219 3262 3054 1323 2149 3856 6748 10463 4684 80889 12538 2109 691 321 164 117 51 42 1547 1402 1303 1163 991 735 1013 1296 1767 2145 2646 3143 3374 3231 3052 1747 2963 5111 8785 11813 1819 13081 68166 3816 930 366 196 117 62 44 1537 1591 1428 1324 1147 
760 957 1245 1652 2093 2611 2909 3167 2920 2412 1440 2218 3248 4859 6223 1148 5266 94621 8257 1431 568 247 137 88 64 1691 1640 1385 1267 1117 888 1203 1615 2007 2519 3010 3166 3220 2902 2401 1912 2872 4320 6027 6951 906 2878 21342 41391 3846 1151 459 236 187 72 1701 1764 1690 1392 1206 821 1027 1417 1760 2259 2818 3240 3396 3190 2781 1568 2304 3646 5382 6698 1579 6579 106872 10126 1999 710 342 168 110 71 1860 1712 1566 1362 1184 987 1263 1680 2206 2787 3363 3559 3603 3169 2680 2042 3074 4579 6445 7600 764 2406 21241 41810 3411 915 411 201 104 88 1876 1922 1769 1476 1346 
1845 6258 37860 21520 4030 1365 646 367 195 140 1564 1625 1448 1300 1146 799 1114 1388 1822 2363 2885 3293 3310 3036 2505 1945 3133 4694 6587 7444 3760 16390 54646 9708 2824 1191 573 358 236 134 1716 1652 1525 1286 1150 699 996 1247 1806 2353 2815 3468 3683 3614 2954 1721 2704 4229 6290 7852 2399 7392 43610 24570 5138 1786 847 471 296 195 1739 1707 1617 1470 1312 940 1240 1543 2036 2752 3296 3646 3814 3514 2943 2261 3378 5475 7592 8336 3755 16918 58459 9943 2692 1076 516 328 195 132 1885 1800 1688 1437 1282 836 1048 1479 1895 2510 3267 3712 4024 3900 3368 1863 2785 4518 6837 8793 
6255 12404 16054 9689 4722 2272 1267 813 571 337 1439 1429 1424 1414 1261 694 902 1272 1771 2520 3478 4453 5042 4727 3900 3185 5695 9099 10535 7734 8341 14850 12802 6341 3089 1697 992 599 422 278 1360 1355 1348 1228 1118 537 701 1059 1452 1955 2805 3682 4649 4821 4082 2371 4086 7009 9819 8934 6333 13046 16644 9979 4755 2543 1388 880 562 390 1459 1527 1538 1458 1329 704 933 1351 1794 2641 3704 4631 5109 5008 3974 3501 5868 9367 10812 7954 9563 17232 14492 7167 3421 1828 1046 682 424 316 1626 1595 1551 1439 1266 616 861 1125 1713 2262 3148 4299 5299 5472 4721 2719 4562 7939 11107 10182 
1481 2666 5151 10086 13690 9201 4599 2453 1346 821 2134 2188 2222 2130 1779 1241 1722 2502 3540 4346 4932 4566 3543 2609 1820 2493 3082 3644 3664 3327 2152 3986 7879 13667 12970 7438 3600 1977 1171 729 2349 2395 2335 2156 1866 1153 1553 2206 3148 4305 5289 5279 4450 3231 2443 2276 3040 3699 4091 3840 1634 3025 5684 11094 14993 10156 5223 2750 1466 894 2327 2478 2452 2294 1956 1357 1935 2696 3943 4897 5572 4951 3938 2882 2016 2660 3485 3960 4076 3614 2287 4266 8147 14543 13927 7688 3935 2104 1250 779 2646 2524 2504 2200 1862 1239 1725 2413 3513 4529 5561 5526 4819 3551 2528 2454 3277 3894 4221 4145 
42 66 92 152 218 431 1012 3430 30916 25532 17883 10814 4778 2334 1220 2986 3063 2925 2351 1892 1465 1101 825 667 492 975 1027 1151 1198 1268 65 99 134 227 373 838 2228 9746 89009 8699 16170 7741 3531 1812 1039 3234 3395 3186 2683 2253 1754 1334 1040 787 603 882 1054 1162 1210 1239 46 72 114 175 311 568 1320 4316 35097 29319 19272 11826 5284 2620 1354 3338 3423 2977 2557 2098 1487 1153 834 713 530 1066 1146 1174 1236 1317 66 74 98 186 365 656 1945 9505 94367 8288 17304 8224 3832 1864 1144 3354 3602 3413 2960 2439 1833 1393 1059 838 631 1072 1071 1294 1274 1384 
587 713 1023 1492 2145 2803 3941 4573 4697 4000 2344 3941 6656 8900 8363 7593 14281 12921 6697 3302 1783 952 595 389 291 1344 1383 1331 1262 1185 681 876 1288 1741 2519 3483 4459 4963 4516 3572 3245 5507 8323 9510 7295 5524 11553 16063 10254 4829 2504 1361 819 595 403 1468 1485 1445 1340 1234 646 846 1225 1564 2331 3194 4342 5247 5105 4549 2634 4614 7340 10161 9397 8751 15891 14977 7701 3740 1913 1125 759 496 334 1534 1593 1476 1403 1312 778 1064 1442 2002 2881 3915 5042 5418 5154 4092 3616 6023 9378 10850 8235 6068 12812 17931 11418 5297 2702 1556 940 553 389 1661 1671 1634 1557 1394 
539 711 1026 1561 2344 3653 5572 7057 6810 5161 3812 6032 8060 7753 5509 5403 7789 7975 5997 3796 2333 1515 969 664 473 1401 1446 1510 1518 1303 664 911 1337 2096 3162 5061 6882 7930 6536 4443 5313 7812 8806 7176 4655 4674 7252 8859 7695 5153 3224 2091 1280 812 601 1443 1481 1641 1628 1484 550 804 1112 1733 2673 4157 6306 8014 7777 5774 4360 6778 9214 8768 6096 6106 8803 9001 6862 4218 2639 1624 1091 723 536 1587 1610 1723 1685 1539 667 965 1411 2138 3335 5228 7493 8291 7015 4699 5647 8371 9761 7679 4844 5031 7685 9260 8298 5559 3412 2114 1378 955 697 1518 1605 1748 1681 1549 
737 1106 1696 2777 4816 7641 9571 7610 4724 2801 3438 4233 4486 4057 3245 2736 4159 5739 6685 5659 4088 2749 1762 1238 888 1812 2057 2063 2009 1913 966 1551 2514 3998 6873 10059 10094 7097 4010 2505 4223 4799 4872 4009 3171 2443 3724 5466 7034 6881 5553 3741 2429 1625 1117 1882 2094 2210 2262 2153 864 1145 1883 3072 5369 8569 10501 8465 5369 2987 3696 4541 4898 4440 3474 3127 4551 6341 7114 6076 4535 3055 1993 1353 881 2038 2177 2312 2241 1961 1044 1605 2535 4178 7131 10453 10523 7145 4293 2539 4341 5186 4962 4167 3170 2539 4084 5912 7287 7299 5721 4020 2606 1651 1227 1888 2202 2324 2391 2247 
1349 1642 2216 2891 3353 3546 3292 2803 2087 1649 1575 1961 2353 2892 3082 656 1306 3179 10682 35203 13361 3721 1413 711 417 2752 2564 2231 1859 1515 1513 2028 2736 3322 3519 3486 3245 2512 1919 1447 1792 2319 2782 3124 3119 653 1094 2318 6100 23876 28912 7543 2616 1219 665 2774 2797 2622 2222 1823 1338 1876 2400 3173 3763 3729 3514 3080 2338 1826 1663 2276 2728 3159 3396 834 1624 3814 11996 39569 15367 4480 1810 978 531 2827 2799 2499 1994 1591 1753 2236 2858 3576 4076 4134 3418 2746 2132 1633 1946 2569 3007 3436 3496 566 996 2275 6325 25722 31702 7736 2606 1214 623 3153 3165 2747 2409 2009 
3484 3378 2754 2254 1746 1305 1041 713 573 450 778 920 931 1013 972 56 83 140 185 338 553 1105 2930 11415 48482 52493 5014 1321 523 332 3521 3206 2536 1981 1505 1135 868 645 496 381 886 981 926 1013 1068 70 110 155 197 303 502 988 2145 5990 29782 64655 15463 2879 1070 540 3787 3437 2916 2424 1899 1409 1050 804 663 461 840 938 1000 1050 1111 86 122 176 269 414 747 1387 3478 12743 53420 57755 6233 1772 735 410 3882 3460 2843 2225 1644 1162 968 718 558 415 966 986 1132 1174 1154 71 70 125 159 268 476 821 1957 6115 31824 69106 15445 2692 907 412 
227 282 411 558 865 1350 2167 3780 6777 10433 3201 18644 44629 5350 1495 5847 4693 3466 2195 1619 1125 731 524 417 299 938 965 1053 999 1036 255 360 506 702 1155 1755 2971 5146 8836 11097 7767 58907 15286 3226 1198 6100 5529 4162 2785 1896 1285 906 649 513 342 866 993 1026 1052 986 252 318 418 610 931 1482 2389 4076 7269 11199 3922 21039 48306 6551 1954 6165 5061 3630 2428 1576 1163 856 553 463 347 992 1124 1076 1034 1086 276 359 537 769 1122 1880 3242 5831 9647 12198 7742 63864 15452 3019 1017 6756 6157 4604 3191 2138 1404 1060 709 521 364 1012 1046 1077 1095 1121 
471 646 880 1227 1651 2405 3337 4417 5092 4944 2300 4471 9244 15015 11509 11809 13372 8473 4153 2299 1271 730 494 332 248 1242 1193 1245 1154 1002 540 750 986 1451 2132 2972 4101 5092 5406 4645 3368 6892 13352 15322 8710 8967 14503 11871 6163 3255 1769 1102 706 469 318 1220 1246 1340 1244 1184 488 695 902 1234 1820 2527 3628 4757 5522 5275 2567 4909 10197 16416 12701 12683 14517 8998 4679 2382 1368 867 585 388 300 1334 1335 1383 1265 1185 605 799 1087 1591 2178 3153 4299 5379 5766 5115 3599 7265 14161 16321 9321 9599 15267 12643 6658 3330 1912 1091 699 469 322 1335 1415 1438 1357 1239 
47 78 147 217 526 1464 9562 80017 3880 972 6331 5460 3744 2559 1729 2398 2836 3091 2928 2579 2113 1748 1299 989 810 1242 1383 1493 1733 1730 74 133 213 414 1067 3997 58308 14285 2205 780 6120 4792 3375 2204 1550 2307 2712 3039 3184 2901 2411 1936 1537 1211 910 1112 1296 1434 1677 1647 55 92 188 313 708 1977 11647 89408 4980 1210 7010 5989 4167 2850 1956 2688 3122 3176 3144 2930 2373 1846 1390 1052 886 1241 1408 1635 1851 1894 65 117 200 386 902 3514 62685 14369 1931 586 6851 5287 3642 2452 1668 2455 3079 3419 3501 3137 2717 2203 1646 1322 1039 1250 1436 1701 1852 1996 
15126 31487 10577 3403 1439 747 463 288 186 124 1149 1137 1153 1002 973 523 681 940 1195 1660 2287 2933 3496 3773 3608 1625 3153 7432 17231 17826 27913 21142 6239 2446 1143 708 405 269 187 139 1153 1169 1122 1049 946 516 612 816 1093 1456 2014 2555 3236 3726 3812 1356 2313 5024 12182 21189 16306 33785 11899 3805 1704 922 548 342 248 191 1256 1238 1237 1123 1079 567 755 985 1371 1710 2435 3065 3751 4013 3787 1744 3536 7914 18423 19180 30190 22525 6522 2376 1177 619 426 251 170 115 1295 1230 1195 1152 1017 513 662 868 1229 1609 2159 2804 3567 4134 4059 1205 2398 5250 13087 23097 
493 652 899 1192 1559 2106 2692 3456 3832 3841 1335 2567 5369 12295 18442 22479 23096 7395 2810 1270 679 443 281 185 121 1253 1245 1133 1075 934 637 777 1023 1380 1828 2513 3183 3802 4031 3691 1923 3704 8235 16973 16148 13094 30308 13745 4601 2001 989 608 388 260 170 1239 1233 1256 1106 967 507 648 915 1180 1511 2089 2753 3490 3782 3936 1454 2596 5551 12493 18782 22823 23657 7793 2925 1427 762 496 338 218 173 1258 1259 1207 1077 996 654 785 1136 1497 1984 2750 3472 4257 4418 4164 2036 4158 9036 18992 17691 14269 32873 14909 4800 2013 956 608 313 230 169 1373 1386 1327 1191 1178 
3615 4056 3735 3193 2503 1842 1373 996 673 531 959 1071 1155 1220 1261 199 247 403 642 1073 2202 5055 14391 23861 10618 15510 12009 5777 2837 1500 4284 4275 3872 3037 2236 1700 1263 946 679 537 1120 1195 1331 1297 1325 201 260 376 583 953 1797 3748 9487 23995 19153 14018 16713 9424 4321 2260 3922 4394 4157 3406 2715 2044 1494 1086 789 644 1003 1141 1268 1250 1347 231 290 486 738 1376 2458 5836 15871 26690 11735 17547 13587 6396 3211 1739 4507 4656 4159 3400 2489 1812 1346 997 799 580 1143 1315 1394 1406 1461 157 240 358 588 983 1759 3911 9931 25708 20217 15187 18036 9887 4697 2359 
5065 10003 14020 9915 5098 2593 1436 874 544 384 1426 1454 1430 1362 1284 622 901 1253 1825 2567 3581 4671 5240 4657 3558 3294 5611 8138 8807 6556 7333 13318 13112 7502 3773 2104 1208 770 517 331 1473 1588 1441 1376 1271 598 821 1179 1676 2197 3246 4411 5102 5149 4258 2704 4576 7162 9379 8255 5644 10904 15439 10927 5674 2826 1619 999 641 458 1598 1592 1532 1578 1381 697 944 1448 1965 2846 4069 5099 5668 5098 3982 3807 6232 8848 9849 7172 8158 14281 14347 8115 4158 2108 1299 788 538 381 1577 1702 1576 1448 1395 678 818 1220 1712 2518 3507 4604 5484 5676 4632 2920 4950 7841 10111 8623 
1181 4612 54282 15688 2335 808 376 195 126 87 1575 1592 1476 1310 1138 779 1035 1397 1700 2222 2645 3128 3086 2916 2471 1751 2822 4600 6577 7738 2743 14673 69448 6128 1681 723 339 188 125 77 1586 1573 1426 1359 1161 715 964 1272 1642 2175 2676 3215 3364 3263 2898 1594 2403 3799 6016 7826 1647 5789 61409 18284 3125 1086 474 306 163 113 1684 1736 1601 1353 1209 834 1140 1515 1931 2391 2982 3295 3361 3074 2835 1973 3054 4867 7209 8542 2494 14905 74527 5829 1448 581 293 163 119 63 1808 1729 1606 1339 1269 795 1090 1333 1753 2308 2879 3422 3618 3606 3159 1695 2567 3989 6320 8554 
36 52 61 85 115 210 391 910 3138 29770 67619 7976 1823 721 335 2960 2774 2345 1732 1368 1075 830 613 473 385 794 930 969 990 922 34 63 79 130 220 384 793 2044 9305 91948 27431 4393 1405 631 365 3178 3011 2661 2150 1710 1350 1002 786 570 449 823 857 947 973 1013 32 48 73 107 186 291 564 1252 4144 35989 77242 10146 2421 975 503 3313 3028 2647 1983 1561 1212 917 719 523 415 897 998 1050 1060 1044 44 41 60 120 188 312 684 1867 9455 100806 29550 4104 1243 538 298 3727 3466 3081 2469 1880 1419 1116 823 658 576 940 1004 1085 1154 1258 
1738 2514 3276 4250 4638 4365 3549 2705 1830 1303 1576 1946 2253 2432 2353 818 1411 2709 5361 12044 16606 10220 4698 2307 1280 3438 3716 3220 2587 2058 2218 2921 3933 4659 4784 4103 3204 2248 1649 1177 1844 2183 2453 2481 2393 718 1191 1994 3955 8488 16147 14718 7103 3323 1723 3428 3663 3490 3120 2415 1902 2737 3693 4680 5146 4778 3887 2821 2039 1406 1772 2189 2422 2747 2597 972 1572 2926 5958 12892 18779 11447 5238 2617 1366 3881 3929 3648 2877 2256 2260 3225 4410 5112 5261 4490 3487 2538 1843 1242 2080 2410 2741 2778 2680 747 1154 2113 4252 9201 18165 16416 7905 3690 1836 3804 4204 4005 3411 2592 
179 261 411 646 1286 2703 7322 23380 21720 6847 8433 8587 6192 3764 2270 3368 3901 3950 3308 2730 2110 1538 1134 768 637 1168 1299 1384 1508 1536 269 408 621 1088 1979 4657 14105 30889 13004 4374 9373 7719 5121 3036 1858 3149 3767 3926 3765 3111 2557 1829 1421 1036 736 1088 1336 1433 1592 1554 200 287 490 814 1450 3015 7864 24519 23310 7213 8929 8955 6313 4046 2506 3440 3899 3876 3582 2736 2099 1657 1169 872 697 1207 1344 1530 1522 1566 205 339 573 990 2016 4665 14554 32939 13606 4519 9938 8267 5443 3229 1988 3397 3950 4248 3965 3372 2625 1989 1470 1080 802 1237 1333 1622 1657 1669 
493 629 917 1259 1731 2347 3333 4012 4614 4286 2094 3719 7379 12538 11920 12184 17037 9958 4395 2062 1165 683 452 285 234 1312 1316 1222 1144 1024 624 786 1071 1554 2225 2935 3938 4653 4747 4109 2909 5611 10406 14350 10006 8959 17170 15315 7163 3343 1791 990 624 420 314 1339 1324 1347 1290 1103 550 758 1012 1319 1971 2614 3629 4621 5087 4758 2287 4271 8317 14050 13525 13915 19104 11315 5064 2562 1421 815 539 375 263 1463 1420 1459 1288 1141 656 933 1172 1643 2281 3173 4124 5139 5045 4435 3108 5817 11322 14954 10699 9106 18468 16065 7717 3528 1764 1009 662 407 289 1345 1422 1435 1384 1194 
1990 5192 19835 30275 7808 2584 1118 628 360 231 1720 1686 1604 1482 1286 824 1163 1525 2080 2761 3187 3607 3436 3013 2551 2203 3237 4743 6108 6228 3499 10557 36179 17068 4883 2009 987 557 323 224 1853 1771 1524 1403 1243 849 1021 1346 1872 2506 2987 3648 3913 3495 2967 1854 2676 4212 5805 6608 2418 6020 22225 33726 9092 3099 1403 837 450 297 1854 1886 1699 1552 1407 942 1290 1760 2330 2926 3584 3916 3779 3420 2686 2377 3546 5203 6838 6907 3506 11055 38369 17636 4879 1857 947 508 338 218 1901 1901 1692 1499 1347 888 1103 1520 2040 2589 3458 4040 4104 3853 3130 1979 2966 4593 6148 7176 
293 473 700 1164 2238 4510 10355 18251 12376 5418 6235 7515 6533 4561 2892 3489 4411 4615 4134 3491 2398 1762 1283 915 689 1424 1443 1572 1646 1613 438 621 987 1694 3265 7287 15588 17660 8848 4107 7421 7336 5808 3828 2384 3138 4135 4701 4658 3919 3031 2210 1564 1151 811 1290 1459 1595 1689 1716 407 547 810 1362 2507 5041 11584 19691 13562 6086 6878 7982 6899 4914 3095 3774 4693 5107 4485 3623 2611 1866 1316 985 784 1437 1631 1686 1699 1713 434 692 1072 1748 3516 7699 16565 18733 9259 4056 8041 8144 6185 4006 2537 3391 4341 5117 4919 4240 3151 2352 1683 1178 926 1419 1533 1731 1769 1809 
20442 25890 7707 2672 1178 589 358 225 176 134 1113 1098 1024 989 887 511 656 879 1186 1611 2146 2642 3315 3591 3678 1248 2714 6832 20713 21288 33495 15949 4941 2071 1021 583 354 255 171 122 1173 1149 1080 966 969 467 618 730 1023 1390 1859 2487 3107 3710 3879 1028 2061 4725 13341 28815 22659 29056 8781 3185 1530 809 484 312 218 168 1201 1197 1184 1074 1093 590 747 935 1180 1620 2268 2930 3618 4106 3806 1562 2990 7975 23269 23379 36240 17067 5093 2047 980 551 359 236 164 102 1362 1276 1201 1098 1056 518 649 871 1200 1521 2111 2792 3511 4175 4345 1063 2037 4926 14376 31528 
969 1675 2831 5487 10057 12702 8885 4715 2504 1492 2781 3114 3045 2618 2245 1820 2507 3617 4826 5423 4976 3927 2763 1865 1341 2103 2534 2862 2728 2558 1286 2206 4015 7479 12214 11253 6372 3436 1967 1155 2991 3050 2936 2583 2059 1364 2110 3110 4240 5117 5334 4327 3357 2302 1566 1950 2354 2603 2859 2743 1084 1755 3085 5914 10784 13490 9391 5099 2723 1549 2966 3180 3145 2958 2383 1908 2690 3941 5152 5768 5273 4152 3009 2067 1375 2402 2767 2946 3001 2688 1390 2461 4357 8350 13424 12577 7387 3783 2084 1242 3294 3400 3214 2755 2274 1626 2348 3459 4605 5805 5893 4977 3644 2646 1740 2212 2685 3161 3189 3004 
151 217 323 612 1268 3230 12363 45002 11768 3072 6964 6404 4808 3217 2002 2843 3357 3424 3316 2855 2237 1770 1272 963 777 1234 1465 1637 1656 1632 187 347 556 1052 2280 6442 29610 28271 6173 2153 7138 5692 4143 2660 1668 2577 3181 3541 3485 3240 2710 2046 1533 1096 873 1154 1367 1554 1655 1718 187 264 437 711 1498 3674 13380 47177 12594 3544 7143 6763 4952 3328 2151 2879 3465 3688 3476 2927 2332 1809 1375 934 718 1316 1463 1679 1673 1752 177 301 490 929 2091 6486 31510 29754 6147 2098 7675 6275 4323 2858 1804 2755 3302 3758 3877 3484 2882 2301 1693 1262 932 1227 1433 1684 1757 1853 
444 551 780 1043 1472 2209 3155 4279 5249 5186 2165 4505 10701 19204 12706 12473 12082 7000 3574 1951 1162 744 476 344 239 1226 1224 1197 1111 1021 481 626 940 1350 1876 2637 3666 4727 5278 4964 3290 7290 15782 17942 8516 10278 13695 9618 5052 2705 1550 939 665 445 281 1129 1131 1261 1152 1110 447 593 828 1135 1637 2332 3316 4553 5484 5584 2412 5034 11663 20512 13737 13384 12839 7410 3855 2144 1223 825 564 413 254 1298 1286 1308 1209 1110 512 779 1020 1478 2008 2893 4130 5386 6028 5501 3358 7884 17455 19763 9403 11283 15042 10843 5629 2922 1655 990 638 437 297 1328 1385 1273 1314 1217 
483 586 801 1015 1397 1825 2317 2981 3274 3553 902 1705 3758 9931 21900 36316 18243 4277 1568 787 419 258 197 110 70 1121 1123 990 1021 889 521 635 970 1189 1675 2194 2716 3215 3664 3567 1456 2853 6455 16955 21988 18152 39605 9277 2913 1282 708 404 248 188 135 1166 1199 1117 1033 967 580 660 876 1158 1506 2011 2709 3382 3911 4001 1121 2100 4501 11271 24819 40863 21438 5365 1984 1001 535 339 223 161 109 1251 1231 1145 1108 1037 612 768 1021 1417 1773 2436 3090 3788 4053 3971 1463 3049 7044 18954 25113 20436 43610 9775 2987 1228 652 359 223 154 108 1361 1317 1257 1215 1128 
260 300 439 697 1040 1683 2951 5291 8799 10455 5744 17306 24051 8871 3178 5821 5286 4071 2885 1887 1301 949 605 484 337 967 1096 1119 1086 1100 319 433 591 968 1403 2314 4048 7209 10622 10064 10430 26769 16131 5446 2328 5977 5990 4959 3480 2404 1672 1084 759 580 428 1057 1021 1087 1104 1122 264 377 526 798 1197 1846 3150 5601 9523 11563 6401 18820 26711 9702 3576 6394 5824 4409 3002 2080 1386 958 752 515 391 1105 1189 1165 1161 1119 340 437 645 946 1514 2522 4484 7868 11603 10911 11247 29235 17643 5773 2444 6541 6556 5524 4045 2696 1773 1230 849 690 500 1135 1233 1220 1245 1272 
961 1444 2128 3275 4498 5859 5948 4995 3430 2258 2495 3141 3787 3876 3435 2232 3832 6855 9858 9263 6008 3455 1990 1198 780 2164 2211 2274 2021 1812 1243 1836 2577 3923 5515 6177 5780 4289 2830 1920 3135 3580 4058 3874 3269 1878 3126 5474 8903 10712 8033 4807 2688 1663 1032 2147 2362 2389 2205 1940 1032 1608 2323 3369 5002 6438 6571 5410 3719 2580 2705 3450 4190 4185 3827 2452 4379 7477 11030 10245 6488 3836 2249 1359 930 2357 2456 2439 2158 1976 1379 2000 3023 4470 6066 7109 6431 4820 3228 2203 3254 4071 4329 4296 3589 1949 3347 5848 9682 11875 8677 5152 3042 1762 1100 2252 2512 2579 2514 2165 
91 173 265 454 873 2138 7709 44909 16286 3491 7831 6995 4845 3057 1868 2883 3279 3356 3045 2597 2073 1661 1176 927 671 1142 1339 1446 1549 1578 188 264 413 727 1603 4160 19372 42373 7593 2328 7734 5888 3936 2470 1581 2513 3109 3479 3290 2938 2260 1810 1433 1036 813 1076 1217 1395 1455 1542 151 189 360 582 1104 2665 8721 47856 18274 4123 8139 7454 5174 3314 2089 2974 3427 3506 3244 2831 2188 1665 1308 962 691 1206 1379 1516 1701 1664 133 240 357 630 1460 4309 20954 47266 7995 2294 8729 6728 4473 2746 1668 2909 3406 3868 3729 3369 2745 2000 1570 1137 921 1239 1387 1561 1787 1752 
4015 3966 3505 2750 1972 1490 1167 773 640 465 847 943 984 1044 1127 173 214 333 484 867 1610 3266 8143 19357 16067 23338 16947 5576 2286 1079 4333 4041 3258 2554 1954 1429 1014 734 577 456 1000 1072 1131 1113 1110 176 215 327 485 804 1290 2534 5598 13889 22336 16102 26291 10347 3796 1847 4348 4476 3974 3155 2357 1742 1260 970 717 543 1047 1060 1171 1267 1209 208 268 413 618 1054 1914 3803 9592 22404 18389 27124 19272 6692 2707 1391 4698 4455 3722 2811 1982 1490 1053 784 575 471 1039 1205 1234 1249 1310 145 222 286 466 790 1243 2495 5843 15030 24408 17244 28101 11036 3965 1794 
1921 4187 10129 20025 13869 5442 2419 1261 718 488 1898 1981 1799 1688 1381 1016 1382 1846 2565 3412 4145 4218 3785 3102 2364 2558 3518 4568 5087 4791 3008 6855 16826 20616 9433 4061 2035 1078 673 450 1975 2036 1942 1681 1444 917 1200 1713 2400 3100 4009 4574 4494 3809 2905 2253 3143 4248 5231 5478 2307 4564 11240 22316 15192 6087 2861 1455 886 543 2028 2062 2037 1821 1587 1086 1472 2009 2816 3656 4626 4734 4199 3398 2473 2723 3755 5010 5513 5221 3126 7118 17414 21699 9748 3968 1949 1058 632 411 2113 2137 1933 1765 1483 950 1286 1784 2409 3483 4309 4799 4690 3924 3010 2357 3266 4393 5510 5591 
168 239 316 490 786 1405 2759 6571 16981 20516 14399 19698 9810 3916 1918 4260 4003 3550 2742 2046 1508 1055 799 589 460 1013 1045 1112 1140 1173 206 291 431 626 1147 2087 4363 11418 23358 14416 20770 15803 6563 2996 1498 4107 4393 4041 3235 2431 1817 1263 961 686 562 1021 1120 1168 1239 1226 184 273 386 551 862 1556 3038 7422 18736 22498 15997 22370 10947 4674 2207 4497 4418 3661 3051 2183 1575 1167 907 645 487 1055 1193 1251 1379 1283 194 312 429 626 1135 2100 4751 12109 25536 16021 22795 17336 6989 3098 1582 4545 4770 4419 3546 2590 1848 1447 1025 749 544 1055 1202 1287 1319 1373 
295 418 672 1098 1837 3208 6349 11747 13575 8403 7105 9832 9264 6003 3439 4438 5315 4962 4018 3047 2020 1376 1012 726 554 1264 1418 1437 1445 1366 393 559 866 1452 2536 4647 9250 14522 11469 5935 8900 10261 7631 4646 2678 3956 4990 5209 4707 3631 2594 1792 1279 871 653 1218 1306 1442 1458 1396 348 532 737 1160 1932 3502 7034 12726 14248 8807 7624 10569 9773 6336 3763 4634 5451 5283 4292 3088 2266 1528 1000 828 621 1235 1391 1505 1492 1483 382 567 888 1440 2645 4878 9755 15338 11827 6353 9517 10933 8178 5045 2823 4190 5448 5645 5055 3828 2692 1877 1310 994 658 1327 1411 1532 1574 1493 
540 1008 2054 4674 14277 27878 11293 3970 1711 906 3136 3091 2862 2433 1936 1723 2315 3021 3576 3910 3757 3171 2468 1845 1333 1857 2272 2622 2860 2958 827 1525 3338 8606 24685 21058 7050 2753 1371 808 3377 3161 2708 2182 1801 1520 2033 2751 3509 4042 3992 3539 2985 2209 1697 1699 2057 2584 2839 2901 728 1169 2356 5373 15865 30382 12521 4474 1967 1031 3307 3385 3179 2664 2047 1796 2388 3225 3956 4273 3988 3484 2691 2036 1475 1987 2393 2836 3139 3050 854 1544 3555 9221 27356 22801 7148 2909 1379 748 3645 3365 3032 2462 1921 1650 2252 3063 3865 4513 4480 4046 3166 2464 1765 1857 2295 2849 3272 3255 
482 637 834 1238 1928 3240 5194 7511 8204 6266 4486 7524 9839 8235 5084 5642 6944 6743 4778 3223 2014 1352 868 602 377 1305 1407 1374 1345 1240 544 743 1120 1720 2716 4474 6891 8727 7916 5133 6238 9608 10170 7130 4170 4797 7003 7692 6128 4118 2747 1703 1174 743 539 1368 1417 1438 1483 1347 464 683 975 1403 2260 3584 5892 8377 8919 6863 4981 8346 11024 9399 5681 6318 7758 7470 5559 3480 2361 1506 1001 710 530 1474 1508 1551 1482 1390 567 794 1205 1885 3006 4960 7473 9687 8647 5932 6952 10641 11214 7776 4471 5412 7409 8284 6927 4663 2962 1889 1246 894 626 1464 1517 1676 1589 1473 
4592 9021 13005 9911 5157 2762 1542 927 607 408 1384 1501 1440 1434 1270 704 926 1200 1775 2678 3818 4752 5180 4740 3562 3469 5508 7917 8254 6027 6878 12099 12686 7700 3927 2092 1305 779 498 357 1518 1547 1484 1354 1272 600 770 1125 1608 2273 3309 4330 5085 5187 4246 2739 4481 7002 8643 7660 5193 9970 14130 10995 5901 3048 1669 1053 693 486 1565 1611 1608 1559 1441 762 1023 1429 2089 2893 4128 5168 5678 5091 3890 3709 5986 8698 9041 6621 7510 13235 13972 8284 4271 2365 1384 842 562 378 1715 1666 1686 1487 1429 615 880 1263 1765 2515 3678 4993 5862 5680 4595 3044 4995 7947 9568 8102 
2666 4768 8035 10446 8501 4924 2834 1701 1027 697 1649 1781 1828 1738 1690 921 1194 1907 2766 3986 5368 6037 5143 3961 2502 3305 4407 5301 4931 3990 3749 6626 10344 10764 7243 4097 2257 1388 923 628 1840 1933 1902 1854 1559 788 1060 1670 2449 3629 5094 6292 6098 4851 3306 3047 4165 5298 5455 4788 3020 5303 9077 11854 9333 5699 3264 1948 1208 810 1941 1960 2105 1919 1828 997 1426 2033 3068 4606 5991 6571 5842 4196 2859 3771 4996 5821 5632 4527 4032 6990 11206 11419 7498 4329 2393 1472 952 660 2010 2114 2006 1948 1790 838 1215 1722 2497 3844 5422 6764 6475 5158 3619 3170 4501 5542 5845 5125 
2802 3338 3580 3640 3035 2437 1827 1414 1050 751 1149 1359 1404 1578 1478 211 296 462 877 1742 4832 17700 32399 9113 2947 7986 6602 4418 2652 1704 3239 3781 3869 3505 2933 2348 1681 1214 953 694 1292 1356 1540 1630 1719 236 275 442 794 1434 3218 9267 33242 19135 5442 8138 7810 5780 3687 2351 3059 3778 4185 3890 3362 2735 1955 1545 1098 909 1211 1406 1590 1642 1704 238 397 655 1098 2173 5542 19545 36564 10454 3554 8878 7299 4991 3068 1874 3433 3965 4200 3773 3078 2434 1769 1310 975 728 1379 1515 1650 1761 1755 185 278 432 712 1321 3163 9643 35628 20480 5328 8521 8565 6181 3790 2447 
730 1072 1574 2505 4064 6294 8082 7234 5066 3149 3364 4506 4828 4618 3773 3222 4960 6824 7525 5970 4004 2407 1545 1071 753 1765 1861 1967 1905 1686 850 1361 2070 3354 5438 7592 8419 6644 4306 2561 4068 4991 5087 4379 3516 2622 4263 6282 7853 7122 5120 3445 2071 1393 938 1803 1902 2043 2076 1868 738 1155 1682 2797 4351 6959 8625 7905 5561 3511 3718 4741 5398 4994 4014 3372 5484 7472 8153 6506 4357 2749 1769 1169 848 1972 2097 2153 1998 1821 981 1391 2195 3557 5684 8187 8953 6983 4480 2804 4298 5241 5258 4728 3553 2784 4292 6618 8112 7679 5508 3590 2144 1434 943 1887 2089 2173 2051 1981 
44 86 109 132 197 340 673 1594 4793 28605 64404 11824 2175 842 403 3317 2877 2460 1864 1459 1009 886 605 485 388 791 881 920 919 946 79 125 147 238 364 614 1293 3139 12284 58555 46709 5714 1600 728 362 3651 3322 2830 2410 1769 1325 1037 763 612 481 841 873 1004 997 1061 62 105 113 160 292 482 921 1952 5808 32835 71683 14137 2903 1080 541 3514 3087 2568 2118 1477 1233 860 645 545 427 867 969 1002 1068 1092 56 93 144 167 326 521 1067 2831 12370 61095 49377 5237 1531 582 333 3862 3497 3061 2472 1828 1385 1121 806 623 483 880 1008 1082 1121 1207 
1204 7031 110206 4447 989 362 184 101 67 39 1474 1356 1278 1134 1097 697 927 1108 1553 2014 2499 2870 3036 2864 2559 1600 2590 4351 7146 9458 3203 37985 18553 2336 748 336 194 103 62 39 1458 1439 1308 1144 1010 651 803 1066 1451 1829 2298 2795 3115 3074 2894 1371 2113 3581 6057 9104 1634 8578 119933 5553 1308 492 216 125 72 56 1524 1442 1340 1218 1156 720 1017 1345 1648 2168 2572 2991 3212 3037 2778 1784 2816 4657 7773 10059 2823 40716 19181 2122 636 267 131 82 63 33 1618 1597 1429 1270 1065 777 916 1167 1579 2064 2580 3159 3536 3379 3121 1429 2400 3927 6777 9961 
