568 755 962 1276 1673 2234 2754 3180 3433 3208 1303 2223 4163 7724 12151 11658 53354 10122 2577 1018 454 272 175 115 69 1331 1238 1219 990 975 686 804 1187 1503 1959 2501 3155 3552 3466 3171 1874 3253 6076 10451 13078 5820 33235 29164 5426 1891 817 483 278 168 108 1419 1378 1197 1189 1051 604 813 1019 1336 1821 2266 2899 3379 3536 3372 1318 2458 4484 8118 12756 13065 57738 11712 3140 1222 628 338 229 155 94 1406 1311 1253 1154 1013 733 915 1267 1612 2187 2776 3300 3658 3819 3360 1856 3400 6376 11463 14276 5729 34346 30417 5280 1682 769 438 220 147 114 1470 1535 1392 1264 1150 
661 974 1408 2056 3057 4338 5877 6170 5268 3853 3094 4495 6154 6488 5269 4522 7870 10812 9313 5724 3236 1763 1159 760 531 1762 1746 1760 1657 1489 858 1259 1788 2616 3964 5460 6600 6239 4611 3357 3938 5620 6749 6406 4808 3545 6262 10189 11420 8048 4658 2683 1614 993 685 1738 1883 1842 1808 1673 764 1044 1473 2216 3302 4788 6269 6783 5690 4196 3425 4999 6673 6902 5855 4994 8563 11785 10371 6279 3622 2121 1259 857 565 1839 1881 1936 1752 1594 885 1289 1778 2727 4029 5625 6796 6460 4948 3433 4072 5749 6999 6495 5001 3690 6543 10455 11853 7998 4627 2695 1636 1013 676 1762 1901 1993 1799 1693 
178 265 378 592 996 1577 2899 6295 12697 15176 10222 21375 13792 5284 2370 4641 4580 3750 2755 2001 1415 1022 765 556 436 1018 1069 1096 1146 1181 249 407 540 840 1352 2400 4614 9586 16438 12693 17403 21340 9134 3791 1815 4716 5014 4366 3419 2551 1817 1228 924 676 521 1000 1112 1224 1170 1186 217 354 420 630 1115 1827 3300 6959 14086 16749 11569 23957 15257 6042 2743 5075 5000 4094 3105 2157 1577 1088 800 604 458 1173 1204 1258 1258 1273 263 394 576 860 1364 2461 4830 10525 17624 13890 18977 22799 9689 3844 1785 5217 5379 4827 3838 2741 1896 1373 928 663 535 1097 1132 1266 1358 1266 
4159 5513 6053 5213 3746 2596 1692 1175 816 589 1219 1329 1339 1434 1398 462 611 915 1515 2533 4617 7532 10393 8485 5149 6768 9381 8443 5454 3157 5115 6296 6041 4653 3326 2173 1441 1065 730 550 1344 1342 1421 1443 1424 393 643 848 1270 2051 3605 6281 9838 10479 7155 5782 8802 9885 7114 4428 4568 5967 6635 5637 4126 2708 1866 1339 889 640 1293 1430 1521 1453 1435 506 680 1036 1734 2799 4962 8486 11081 9525 5725 7537 10277 9117 5943 3525 5694 6922 6627 5143 3667 2389 1652 1129 785 549 1498 1528 1626 1661 1521 453 557 938 1338 2349 3891 6688 10922 11547 7884 6296 9677 10811 8011 4816 
1873 3051 4934 7243 7850 6403 4107 2539 1620 1012 1880 2037 2278 2160 1966 1054 1647 2505 4089 5967 7454 6970 4988 3068 1954 3216 3737 4062 3623 2945 2580 4242 6380 8242 7596 5399 3485 2171 1327 866 2100 2262 2339 2231 1942 977 1402 2095 3332 5250 7364 7739 6168 4176 2543 2987 3721 4189 4054 3421 2186 3389 5444 7912 8703 6896 4553 2798 1747 1141 2103 2313 2352 2368 2208 1154 1795 2786 4374 6721 8305 7481 5365 3460 2133 3500 4182 4352 4080 3217 2823 4686 7214 9070 8410 5855 3726 2326 1498 1079 2418 2456 2537 2427 2046 1015 1475 2299 3703 5754 8141 8649 6758 4658 2823 3372 4178 4615 4583 3947 
663 805 1065 1419 1747 2293 2765 3140 3234 2946 1371 2206 3821 6601 9433 4913 42966 19998 3172 1076 450 245 154 110 63 1443 1413 1254 1156 1018 743 942 1223 1594 2182 2615 3114 3300 3184 2721 1753 2890 5082 8301 10277 2909 13863 67216 7960 2027 878 420 254 167 111 1510 1487 1301 1247 1076 677 851 1237 1488 2008 2597 2942 3375 3532 3223 1485 2431 4242 6956 10127 5849 47817 22861 4074 1253 603 296 187 131 100 1551 1501 1388 1270 1092 777 1061 1375 1799 2290 2879 3393 3742 3614 3131 1991 3308 5729 9032 11526 2597 13861 74759 7676 1901 696 388 205 139 94 1650 1605 1476 1415 1274 
732 1142 1844 3312 5827 9981 11228 7633 4098 2326 3392 3994 4106 3578 2867 2488 3447 4608 5622 5347 4136 2999 1985 1428 997 1856 1961 2151 2195 1993 921 1480 2504 4435 8184 11610 9970 5846 3161 1849 3877 4101 3843 3156 2512 1939 3106 4204 5281 5721 4893 3605 2518 1708 1219 1732 2039 2124 2250 2194 740 1249 2104 3420 6280 10582 11976 8182 4515 2609 3630 4252 4274 3823 2933 2566 3744 5193 5983 5672 4555 3169 2276 1462 1059 1982 2199 2331 2338 2147 969 1565 2625 4867 8781 12328 10614 6205 3351 1910 4068 4331 4202 3519 2666 2293 3173 4525 5845 6172 5311 3986 2666 1841 1261 1877 2249 2335 2433 2352 
6231 23210 24336 6599 2280 1106 577 377 232 161 1325 1304 1264 1199 1074 655 803 1056 1408 1966 2578 3309 3589 3500 3133 1983 3485 6458 10936 11309 13209 35104 13921 4387 1759 966 569 355 215 147 1464 1384 1280 1160 1028 565 834 930 1300 1804 2340 3020 3700 3756 3587 1585 2841 5213 9470 12665 7391 25601 26898 7740 2659 1304 724 422 303 213 1363 1378 1376 1327 1164 709 933 1164 1670 2177 2844 3545 3991 3827 3351 2261 3869 7341 11870 12269 14090 38287 14656 4307 1778 879 499 316 186 144 1499 1487 1397 1280 1191 624 857 1048 1458 1973 2545 3278 3929 4168 3936 1757 2990 5647 10198 13820 
302 418 599 946 1629 2944 5693 10730 12890 8426 7004 10345 9726 6235 3486 4406 5282 4819 3866 2787 1979 1338 1014 719 504 1194 1276 1304 1427 1342 406 567 880 1358 2341 4269 8100 12945 11586 6353 8806 11021 8334 4802 2734 4163 5098 5505 4653 3501 2477 1764 1174 803 621 1192 1318 1362 1359 1388 347 487 714 1124 1795 3059 6201 11104 13584 9044 7405 10826 10194 6397 3690 4861 5541 5094 4188 2956 2041 1478 1006 704 565 1240 1328 1415 1462 1429 360 602 935 1415 2430 4698 9074 14323 12594 6863 9998 12007 9196 5352 2879 4516 5757 5888 5024 3799 2669 1842 1285 982 665 1296 1418 1421 1582 1549 
210 331 440 702 1006 1740 3046 5467 9364 11437 6472 18891 22197 7978 2985 5830 5282 4076 2836 1956 1329 979 692 491 383 1099 1129 1161 1084 1068 285 413 593 806 1381 2341 4095 7425 11210 10229 11442 25828 14177 4973 2154 5471 5757 4753 3556 2334 1609 1165 821 544 449 1004 1024 1155 1109 1136 266 388 570 733 1165 1910 3317 5930 10101 12128 7338 20705 24248 8935 3476 6299 5791 4426 3128 2212 1514 991 700 521 407 1115 1124 1225 1228 1172 310 460 616 1023 1553 2503 4518 8507 12790 11530 12789 29410 15848 5532 2241 6316 6529 5430 3881 2804 1863 1292 929 710 500 1097 1254 1207 1303 1305 
2498 8665 39030 16421 3916 1480 735 355 240 151 1531 1565 1462 1260 1088 791 1040 1342 1793 2333 2931 3285 3507 3107 2662 2006 3231 5166 7290 7938 5065 20906 37941 8279 2695 1179 659 374 253 153 1634 1625 1400 1293 1100 683 964 1228 1619 2052 2673 3460 3551 3591 3167 1686 2663 4399 6735 8233 3017 9638 42904 18083 4622 1781 844 500 318 221 1613 1575 1484 1402 1204 831 1098 1441 1896 2443 3168 3507 3772 3522 2829 2302 3440 5571 8063 8564 4978 22135 39713 8461 2591 1140 535 333 223 151 1694 1649 1568 1336 1242 739 1013 1248 1783 2395 2964 3571 4059 3826 3301 1737 2874 4687 6981 8992 
457 602 711 1035 1310 1796 2181 2876 3358 3517 725 1408 3030 9200 28002 49292 12058 3005 1116 543 306 203 116 94 73 1166 1099 1058 983 820 526 630 866 1121 1541 1957 2514 3131 3393 3301 1083 2257 5437 17351 29864 28727 30153 6207 1975 880 551 342 215 118 135 1107 1089 1061 1033 903 493 580 778 1085 1413 1814 2422 3090 3547 3773 866 1658 3549 10036 30471 52904 13416 3646 1508 718 417 247 166 132 94 1185 1171 1126 1033 964 570 763 932 1325 1679 2261 2768 3469 3802 3944 1038 2351 5757 19057 32781 31056 33042 6260 1965 864 445 244 190 139 65 1275 1203 1167 1108 1032 
733 1066 1572 2284 3363 4600 5495 5521 4376 3374 2760 3974 5002 5433 4812 3678 6668 10713 11178 6998 3762 2174 1216 806 526 1821 1823 1920 1694 1479 915 1322 1928 2818 4065 5243 5703 5163 3902 2636 3382 4618 5689 5343 4343 2803 5040 8880 11990 9477 5427 2911 1791 1068 682 1713 1853 2000 1781 1596 822 1117 1593 2430 3372 4711 5752 5825 4762 3386 2760 4005 5124 5575 4972 3726 7066 11471 11534 7357 3927 2269 1310 892 560 1836 1929 1899 1755 1605 1059 1437 2176 3239 4605 5960 6388 5731 4406 2968 3732 5126 6193 5915 4882 3078 5661 10188 13668 10453 6050 3178 1847 1108 701 2035 2187 2149 2052 1894 
1613 2359 3416 4880 6052 5861 4418 3115 2106 1443 1922 2399 2551 2524 2402 1264 2023 3359 6006 9048 9672 6777 3903 2259 1413 2911 3156 3143 2790 2345 2050 3094 4469 5993 6474 5560 4171 2756 1780 1217 2249 2496 2670 2584 2466 1068 1659 2751 4732 8047 10422 8867 5421 3182 1903 2799 3325 3420 3279 2678 1710 2554 3837 5407 6692 6463 4993 3507 2286 1540 2139 2525 2868 2760 2642 1355 2245 3725 6535 9955 10522 7132 4221 2590 1534 3234 3505 3411 3143 2455 2253 3294 4635 6329 7175 6182 4531 2936 1989 1355 2554 2778 2912 2843 2738 1059 1789 3102 5121 8775 11731 9573 5932 3410 2060 3031 3610 3734 3446 2886 
1037 4203 70829 10954 1649 594 250 170 107 64 1519 1529 1398 1228 1035 788 976 1332 1795 2192 2583 2949 3125 2865 2317 1692 2850 4413 6543 8087 2473 14779 60085 4525 1265 502 249 150 80 67 1557 1517 1352 1155 1025 718 897 1132 1556 2046 2468 2932 3214 3092 2774 1462 2244 3466 5538 7824 1288 5290 80048 12909 2231 729 358 197 113 82 1714 1545 1551 1369 1147 861 1087 1480 1824 2380 2943 3295 3420 3144 2708 1837 2897 4680 7007 8693 1997 14053 63048 3985 1020 426 205 117 83 47 1636 1569 1384 1269 1085 794 947 1242 1668 2140 2646 3064 3248 3273 2943 1491 2325 3771 5959 8272 
411 559 707 937 1236 1668 2188 2762 3173 3413 680 1316 2973 8888 28179 45891 11299 2899 1088 542 313 191 123 97 69 1087 1068 1057 884 854 514 664 860 1097 1474 1950 2558 3093 3543 3371 1079 2191 5202 17331 30046 28723 28630 6051 2005 966 517 311 216 139 111 1130 1074 1084 1009 927 488 595 768 1038 1346 1751 2398 2941 3400 3753 873 1590 3447 9941 30923 50870 13048 3555 1457 760 421 255 165 140 93 1167 1125 1078 1005 839 546 706 905 1274 1631 2160 2743 3440 3727 3829 1053 2156 5651 18800 32858 30971 31262 6106 1923 859 445 280 144 113 78 1315 1217 1160 1076 1012 
843 1287 1950 3009 4589 6611 7178 6143 4143 2567 2998 3765 4309 4246 3693 2637 4406 6815 8483 7369 5024 3023 1890 1233 854 2055 2120 2130 1989 1859 1074 1572 2403 3850 5784 7468 7156 5432 3546 2291 3460 4263 4480 4057 3169 2150 3588 5680 8150 8631 6337 3988 2386 1633 995 1934 2143 2237 2204 1971 999 1449 2116 3396 5179 7292 8198 6876 4687 2986 3287 4162 4777 4669 4008 3068 5008 7643 9375 8117 5386 3413 2092 1401 941 2283 2401 2342 2211 1967 1158 1813 2727 4394 6387 8428 8024 6071 3989 2591 3927 4723 5073 4552 3678 2405 4000 6495 9242 9624 7154 4493 2735 1694 1122 2209 2363 2509 2364 2243 
551 1047 2204 5880 20030 24801 7309 2684 1275 626 2790 2755 2557 2136 1699 1508 1984 2635 3133 3606 3659 3134 2433 1915 1398 1778 2213 2630 2967 2975 1009 1776 3976 11925 32476 15217 4799 1927 992 601 2855 2819 2414 1993 1613 1419 1857 2542 3172 3685 3981 3609 2957 2357 1798 1705 2237 2704 3098 3223 782 1318 2757 7036 23539 29235 8908 3273 1479 853 2984 2997 2785 2368 1913 1724 2223 3033 3763 4158 4110 3633 2870 2212 1645 2038 2521 3140 3462 3457 847 1818 4179 13085 35946 16622 5078 2084 1042 546 3273 3086 2835 2291 1817 1579 2003 2692 3487 4096 4340 4149 3405 2548 1975 1862 2408 2982 3530 3687 
594 1078 2409 7084 26964 23031 6058 2171 999 567 2734 2733 2435 2108 1696 1478 1999 2651 3245 3702 3722 3318 2695 1984 1512 1894 2262 2924 3242 3368 951 1791 4583 15203 38068 12423 3930 1719 901 491 2769 2705 2431 2045 1551 1355 1835 2426 3012 3696 3850 3569 3079 2475 1909 1655 2231 2764 3353 3497 760 1346 2900 7898 29062 25072 6751 2526 1159 669 2778 2894 2568 2232 1756 1562 2145 2669 3423 3818 3766 3445 2823 2192 1648 2001 2416 3070 3401 3437 840 1732 4474 15763 40240 13037 3954 1645 842 459 3104 2854 2598 2178 1768 1473 1937 2552 3402 3956 4168 4026 3447 2600 2130 1869 2431 3014 3448 3800 
1087 1974 3971 9288 18970 14792 6458 2788 1477 875 2508 2599 2530 2297 1862 1469 2024 2780 3782 4424 4547 4115 3216 2425 1721 2246 2800 3271 3531 3435 1465 2857 6145 14187 19623 10048 4411 2078 1208 706 2664 2670 2364 2055 1744 1303 1687 2325 3170 4126 4569 4419 3563 2763 2017 1978 2517 3041 3453 3494 1197 2166 4256 10039 19738 15913 6915 3136 1657 931 2704 2678 2671 2356 1923 1564 2219 2960 3763 4490 4812 4144 3275 2490 1782 2366 3019 3524 3677 3474 1578 2996 6738 15711 21256 10987 4575 2233 1189 735 2849 2753 2721 2306 1937 1367 1926 2757 3491 4509 5106 4892 4036 3045 2188 2157 2860 3403 3755 3899 
273 337 471 766 1189 2033 3659 7352 12756 12505 8635 16806 14810 6656 3107 5208 5233 4366 3125 2218 1611 1102 838 599 399 1078 1179 1212 1153 1165 311 444 637 974 1594 2834 5433 10234 13936 9849 13026 18363 10321 4652 2359 4680 5481 4752 3884 2732 1988 1298 953 733 511 1065 1192 1171 1281 1214 311 406 564 862 1213 2180 4191 7987 13702 13643 9183 18145 16170 7340 3390 5360 5465 4685 3452 2352 1644 1192 823 671 471 1200 1221 1319 1298 1297 328 458 704 1016 1739 3022 5743 11390 15735 10990 14059 20191 11459 5068 2454 5590 6014 5484 4128 2956 2124 1511 1047 720 583 1236 1220 1279 1411 1396 
362 605 1553 5483 43740 19890 3273 1127 484 255 2661 2563 2320 2051 1532 1381 1864 2343 2890 3187 3347 3001 2614 1980 1547 1737 2140 2795 3272 3465 545 1151 3272 15180 61750 7978 2226 917 459 268 2749 2491 2171 1793 1406 1164 1604 2107 2697 3135 3332 3204 2830 2334 1796 1623 1945 2477 3127 3532 429 805 1901 6316 47841 22258 4004 1418 666 360 2811 2752 2375 2010 1603 1473 1925 2526 3020 3511 3513 3260 2675 2095 1677 1875 2459 2948 3415 3685 513 995 2929 14934 65286 7587 1904 787 395 252 2919 2588 2258 1936 1498 1322 1675 2327 2864 3370 3622 3541 3029 2455 1824 1663 2138 2771 3294 3659 
653 906 1416 2248 3505 5605 7732 7616 5628 3433 3526 4644 5176 4920 3891 3339 5153 6738 6916 5319 3535 2253 1415 910 649 1688 1814 1794 1850 1577 826 1216 1888 3093 4888 7358 8953 7403 4829 2964 4327 5531 5576 4801 3529 2958 4514 6641 7718 6889 4698 3143 1940 1243 881 1655 1901 1898 1866 1792 674 1032 1611 2408 4076 6340 8692 8616 6170 3928 3909 5190 5965 5393 4145 3734 5773 7612 7681 5931 3818 2356 1591 1049 766 1871 1917 2037 1983 1748 928 1328 2102 3353 5379 8136 9675 8149 5168 3240 4862 6042 6258 5230 3953 3156 5137 7400 8532 7471 5219 3288 2032 1402 986 1837 2017 2135 2073 1937 
850 1271 1815 2704 3912 5216 5791 5284 4044 2685 2649 3418 4332 4408 4010 2765 5031 8608 10785 8422 4929 2676 1577 991 649 1935 2055 2043 1924 1685 1043 1602 2366 3445 4794 5884 5907 4880 3422 2316 3178 4088 4525 4451 3766 2239 3903 6988 10710 10503 6926 3813 2204 1312 908 1956 2107 2081 2122 1832 969 1392 1995 2917 4304 5631 6339 5830 4338 3031 2844 3885 4536 4934 4387 3121 5566 9340 12058 9377 5440 2958 1800 1119 799 2141 2313 2247 2018 1774 1204 1681 2550 3719 5219 6532 6438 5091 3838 2515 3488 4494 5125 5091 4139 2369 4195 7641 11498 11685 7422 4081 2329 1416 917 2101 2294 2276 2179 1961 
1476 1985 2810 3403 4070 4231 3551 2799 2093 1567 1616 2116 2482 2710 2795 804 1606 3263 7813 18571 16986 6936 2949 1505 828 3062 3097 2660 2218 1703 1844 2514 3281 4050 4382 3991 3363 2573 1856 1347 1963 2336 2718 2961 2853 769 1333 2399 5318 13521 22034 11766 4705 2188 1185 3144 3257 3013 2571 2032 1647 2249 3054 3897 4658 4709 4101 3166 2377 1660 1878 2400 2724 3064 3098 1005 1824 3686 9080 20832 19431 7880 3324 1727 977 3333 3431 3008 2521 1951 2057 2807 3667 4618 5052 4656 3824 2831 2103 1544 2278 2733 3028 3281 3199 805 1370 2538 5762 14838 25119 13223 5229 2345 1247 3596 3667 3592 2902 2378 
406 505 659 842 1086 1527 1887 2402 2870 3217 311 560 1203 4110 24397 38436 3315 920 398 206 137 72 53 33 22 978 1054 902 868 776 467 614 771 1035 1370 1819 2173 2743 3111 3313 563 1075 2678 9835 64617 98147 10258 2067 746 374 204 119 84 52 51 1122 1083 1031 925 847 406 567 719 941 1275 1715 2158 2688 3191 3570 430 810 1670 4977 28561 44568 4320 1238 548 302 152 88 67 40 36 1137 1172 1045 950 889 496 641 899 1120 1481 1968 2459 2957 3433 3440 404 958 2444 9917 67767 104102 9745 1785 624 298 165 86 56 41 27 1181 1144 1086 961 922 
2347 4355 8544 12887 10546 5700 3045 1645 986 616 1828 1880 1922 1749 1573 925 1369 1956 2741 3851 4801 5223 4504 3374 2413 2977 3918 4834 4909 4213 3408 6529 11945 13457 8630 4441 2340 1363 875 564 1975 2017 1987 1780 1542 878 1171 1750 2496 3525 4781 5466 5319 4278 3099 2705 3714 4859 5361 5071 2687 4846 9430 14424 11750 6378 3359 1917 1098 717 1972 2042 2139 2017 1793 1102 1445 2162 3210 4288 5456 5739 5068 3823 2610 3226 4366 5328 5494 4573 3521 6809 12368 14132 8856 4607 2339 1398 898 542 2089 2060 2157 1832 1616 901 1320 1791 2670 3724 4807 5804 5555 4455 3223 2646 3796 4867 5552 5213 
483 669 961 1449 2412 3808 6177 7875 7628 5352 4358 6686 8207 7246 4819 5009 6769 7269 5667 3850 2433 1586 1019 670 495 1434 1496 1460 1497 1394 601 854 1262 1925 3212 5191 7719 8615 6905 4321 5522 7968 8173 6173 4033 4412 6279 7609 6943 4893 3175 2006 1266 878 624 1423 1470 1467 1581 1562 553 745 1055 1599 2554 4162 6481 8630 8170 5706 4496 6844 8654 7435 5092 5302 7167 7565 5976 4083 2551 1627 1093 779 554 1507 1541 1534 1471 1499 650 899 1416 2186 3435 5734 8336 9491 7644 4967 6308 8860 9137 6914 4466 4904 7179 8629 7763 5610 3521 2231 1520 975 682 1500 1670 1773 1764 1657 
172 224 307 425 646 1074 1910 3491 7184 12950 4889 54110 14845 2444 834 4719 4019 3087 2157 1450 1136 758 541 435 313 862 936 999 1004 982 190 265 433 576 922 1495 2672 5224 10617 15210 15430 63388 6060 1704 702 5063 4661 3698 2650 1869 1292 923 664 466 403 961 981 1014 1034 1030 209 273 355 537 778 1174 2107 3892 7933 14388 6080 61730 17702 3175 1124 5264 4448 3315 2265 1631 1147 897 590 463 340 991 1067 1072 1102 1030 217 337 419 651 995 1533 2923 5724 11562 16679 15541 68766 5890 1493 622 5804 5259 4080 2922 2077 1400 1029 770 534 439 985 1078 1061 1136 1116 
141 240 341 606 1104 2553 7773 29202 21102 5486 8225 8119 5597 3479 2111 3244 3589 3629 3301 2710 2071 1503 1156 841 671 1207 1282 1410 1451 1521 248 370 524 963 1932 4588 15970 35318 11043 3657 8608 7150 4663 2696 1780 2949 3562 3748 3572 3082 2417 1742 1444 993 803 1152 1303 1449 1466 1537 190 326 464 738 1317 3024 8694 32234 23094 6196 8691 8603 6201 3878 2416 3429 3800 3898 3564 2841 2148 1673 1236 915 699 1264 1435 1626 1658 1650 195 295 533 953 1864 4753 17049 38840 11521 3639 9461 7814 5129 3106 1890 3195 3931 4096 3923 3318 2695 2004 1510 1150 825 1241 1322 1479 1630 1722 
519 920 1586 2962 6166 12946 16025 8746 3920 1970 3649 4117 3970 3119 2505 2230 3171 4171 4599 4467 3736 2789 2014 1428 982 1750 1936 2219 2221 2211 752 1206 2259 4407 9528 16877 13070 6304 3017 1593 4186 4134 3641 2822 2237 1936 2810 3746 4757 4788 4263 3437 2378 1769 1300 1539 1961 2130 2354 2237 644 1077 1794 3293 6872 14305 17386 9638 4527 2290 4077 4319 3974 3532 2680 2499 3482 4458 5049 4885 4076 3031 2037 1534 1086 1793 2096 2343 2409 2253 774 1374 2364 4817 10497 18782 14426 6841 3280 1735 4554 4554 4053 3105 2445 2141 3146 4087 5105 5299 4762 3667 2709 1890 1364 1809 2066 2398 2554 2589 
1814 3198 5865 9695 11127 7722 4209 2370 1379 872 2037 2126 2177 2094 1836 1105 1642 2352 3433 4888 5762 5364 4217 3047 2018 2821 3516 4040 3948 3360 2435 4641 8214 11653 10082 6069 3313 1945 1138 744 2115 2248 2234 2088 1770 948 1383 2072 3038 4277 5479 5946 5065 3650 2548 2521 3368 4035 4247 3858 2064 3594 6454 10827 12558 8522 4634 2514 1577 959 2282 2388 2419 2248 2033 1267 1931 2814 3897 5331 6236 5915 4695 3235 2281 3093 3951 4494 4391 3832 2771 5094 9440 13180 11404 6813 3589 2020 1336 844 2444 2626 2569 2288 2053 1147 1632 2298 3429 5031 6371 6665 5774 4256 2869 2857 3714 4614 4828 4320 
764 1127 1560 2120 2766 3566 4201 4301 3618 2743 2090 3030 4141 5168 5248 3054 7168 16158 16743 7593 3092 1599 879 554 367 1758 1807 1663 1508 1327 982 1317 1772 2459 3314 4130 4510 4084 3397 2560 2608 3761 4889 5414 5161 2411 4910 11678 20452 12294 5253 2499 1317 754 496 1879 1999 1830 1668 1442 893 1219 1589 2221 3176 3984 4569 4477 4000 2965 2363 3421 4572 5541 5676 3487 7986 18093 18630 8556 3645 1813 1098 699 429 1944 1982 1847 1678 1398 1110 1528 2028 2819 3617 4562 5025 4407 3541 2656 2939 4104 5365 6087 5588 2359 5250 12839 21974 13348 5553 2646 1327 771 528 2009 2086 2017 1875 1646 
1271 2153 3732 6886 10446 10424 6803 3700 2068 1285 2419 2629 2828 2538 2250 1534 2307 3309 4723 5766 5834 4873 3335 2207 1628 2458 3056 3227 3180 2881 1767 2913 5349 9081 11541 8830 5183 3013 1657 1046 2711 2757 2739 2382 2083 1368 1803 2754 4125 5520 6022 5519 4171 2886 1882 2352 2803 3194 3292 3155 1463 2378 4156 7422 11235 11281 7346 4072 2274 1359 2655 2913 2895 2725 2374 1616 2378 3588 5111 6231 6378 5191 3595 2514 1641 2764 3158 3479 3385 2991 1916 3097 5632 9501 12235 9572 5529 3013 1786 1111 2957 2984 2977 2716 2237 1421 2135 3062 4530 5909 6479 6009 4518 2953 2006 2474 2966 3472 3505 3299 
330 754 2161 13364 59390 4564 1176 438 228 150 2133 2090 1841 1688 1359 1141 1539 1992 2419 2850 3006 3055 2644 2149 1664 1686 2297 3012 3795 4084 572 1494 5577 62359 14877 2719 905 443 225 142 2314 2046 1780 1522 1261 1004 1365 1745 2289 2764 3012 3060 3039 2475 1961 1472 2015 2652 3488 4074 437 946 2723 15442 65189 5826 1601 615 294 192 2357 2196 2049 1798 1356 1276 1548 2085 2611 3118 3200 3215 2799 2374 1853 1769 2446 3333 3984 4203 469 1350 5088 67344 14877 2380 799 344 182 126 2470 2321 2092 1735 1439 1156 1457 1955 2467 2976 3410 3474 3209 2837 2218 1687 2245 3086 3873 4592 
3256 4878 6698 6846 5444 3769 2382 1478 1075 675 1485 1580 1741 1567 1574 654 979 1428 2293 3766 5873 7861 7564 5331 3247 4585 6012 6062 4799 3354 4182 6235 7576 6849 4726 3156 2047 1354 910 620 1645 1692 1756 1753 1567 554 799 1285 1944 3174 5219 7567 8697 7139 4485 4019 5823 6712 5957 4401 3537 5446 7367 7722 5974 3993 2571 1630 1126 802 1513 1700 1830 1745 1641 724 1074 1652 2556 4137 6642 8870 8338 5833 3489 4947 6436 6750 5539 3774 4703 6893 8206 7580 5274 3569 2159 1431 994 681 1742 1862 1994 1898 1764 685 942 1350 2117 3513 5621 8406 9535 7693 4981 4434 6347 7447 6680 4984 
1728 2279 2659 3164 3222 2886 2553 1872 1493 1090 1239 1573 1720 2008 2172 198 309 601 1440 5327 44848 18580 3031 1031 503 4061 3577 2799 2138 1438 2155 2615 3100 3450 3279 2893 2377 1853 1348 1085 1450 1719 2055 2243 2270 205 316 588 1188 3197 15196 62624 7644 2108 872 4155 4137 3347 2559 1901 1957 2537 3061 3521 3495 3242 2881 2150 1677 1269 1445 1641 1997 2297 2429 271 422 856 1891 6562 51825 21742 3946 1417 690 4692 3935 3124 2310 1709 2240 2790 3308 3534 3461 2983 2398 1813 1518 1083 1584 1876 2130 2399 2435 149 259 494 978 2877 15125 64715 7237 1880 726 4618 4387 3595 2740 1890 
593 784 1057 1316 1743 2126 2683 2955 2911 2723 1150 1950 3298 5820 9029 3197 57445 11895 1697 558 268 108 68 57 36 1397 1304 1249 1094 907 723 890 1134 1475 2037 2457 2952 3033 2941 2635 1503 2766 4783 7884 10393 1978 11426 78739 4628 1191 490 228 112 72 52 1405 1386 1282 1200 1051 655 869 1158 1512 1907 2334 2929 3284 3338 3046 1341 2241 3887 6620 10261 4285 65485 14692 2301 729 335 161 90 75 57 1496 1459 1368 1109 1046 814 1018 1330 1695 2178 2766 3287 3478 3286 2940 1807 2990 5213 8762 11696 1739 11226 87684 4223 1097 392 202 129 68 38 1567 1529 1536 1340 1185 
588 802 1170 1557 2136 2850 3687 4407 4233 3780 2249 3540 5831 8290 8361 7258 16040 16659 7588 3335 1695 907 559 406 262 1434 1406 1396 1242 1119 777 972 1362 1807 2705 3483 4283 4667 4314 3376 3032 4822 7707 9227 7645 5051 11676 20029 12483 5351 2550 1380 805 543 356 1514 1580 1434 1409 1262 653 839 1170 1662 2274 3124 4048 4707 4689 3919 2344 3879 6301 8939 9198 7949 17350 18223 8397 3644 1894 1099 685 417 289 1573 1629 1465 1464 1199 822 1056 1568 2140 2952 3895 4763 5199 4844 3835 3353 5471 8362 10399 8588 5474 13149 22150 13752 5888 2780 1467 951 542 326 1700 1744 1702 1641 1470 
496 762 1486 2853 7472 19522 18283 6810 2747 1328 3534 3552 3245 2556 2071 1985 2655 3279 3879 3970 3403 2690 2008 1472 1123 1648 2003 2214 2261 2219 727 1187 2235 5081 13608 25042 12203 4650 1966 1102 3787 3722 3152 2469 1945 1903 2451 3070 3839 4206 4010 3302 2454 1846 1355 1578 1899 2254 2466 2593 574 895 1656 3425 8409 22148 20650 7801 3148 1567 3795 3899 3622 2930 2206 2172 2827 3694 4200 4368 3744 3008 2270 1609 1200 1748 2186 2379 2589 2560 670 1126 2279 5217 14419 26760 12724 4755 2146 1151 4055 4072 3309 2732 1999 1936 2587 3396 4101 4424 4208 3532 2748 1968 1455 1690 2007 2398 2751 2660 
3723 6433 9544 8799 5864 3433 1940 1285 770 543 1464 1559 1502 1515 1493 663 937 1396 2136 3077 4652 6002 6033 4789 3546 3875 5704 6946 6391 4542 5537 8977 10886 8324 5052 2945 1756 1122 731 494 1609 1691 1740 1649 1423 578 894 1328 1878 2828 4332 5801 6795 6209 4487 3370 5421 7209 7620 6077 4387 7502 10920 10507 6873 3971 2278 1473 915 677 1618 1682 1884 1748 1677 796 1160 1581 2434 3751 5154 6836 6853 5642 3945 4615 6762 8061 7314 5400 5910 9690 11589 8993 5420 3123 1883 1128 780 582 1808 1829 1808 1682 1579 642 1007 1457 2063 3104 4652 6376 7118 6733 4917 3712 5796 7592 8188 6602 
1801 3436 6425 10960 11468 6999 3654 1971 1175 713 1861 2027 2025 1875 1684 1085 1506 2169 3125 4209 5020 5095 4194 2972 1995 2764 3455 4148 4298 3555 2810 5289 9688 13311 10111 5572 2971 1659 1008 653 2115 2227 2131 1979 1717 941 1360 2002 2873 3969 5128 5613 4987 3882 2806 2488 3422 4251 4481 4192 2243 4059 7639 12853 13326 8146 4235 2341 1293 877 2295 2346 2352 2170 1750 1248 1733 2552 3650 4924 5950 5872 4911 3557 2460 3180 4048 4874 4704 4217 3095 5726 10755 15023 11412 5997 3263 1864 1111 658 2370 2416 2438 2200 1935 1108 1599 2174 3158 4427 5823 6340 5752 4344 3076 2830 3818 4830 5148 4834 
250 563 1464 6943 91481 7423 1552 570 305 149 2402 2292 1979 1805 1413 1297 1592 2023 2508 2896 3000 3006 2597 1999 1659 1666 2250 2759 3519 3767 463 1083 3405 27520 29890 3535 1074 523 255 158 2281 2081 1909 1529 1259 1067 1393 1768 2353 2812 3001 3019 2822 2321 1767 1468 1928 2484 3127 3675 351 698 1920 8278 99106 8909 2014 722 373 193 2563 2344 2133 1857 1510 1291 1745 2189 2770 3196 3301 3156 2679 2166 1719 1855 2373 2863 3692 3917 374 928 3070 29299 32104 3223 995 393 208 137 2642 2435 2139 1859 1530 1258 1605 2088 2628 3054 3437 3577 3164 2686 2125 1730 2304 2919 3692 4103 
365 515 610 830 1065 1426 1774 2288 2672 3061 150 301 656 2215 20554 18650 2536 787 357 180 123 72 46 38 28 934 977 867 830 726 463 588 749 934 1221 1574 2199 2673 3061 3323 263 516 1445 6424 120503 84335 6879 1713 718 397 182 110 97 49 38 1041 1010 1004 937 806 398 538 669 893 1125 1405 1880 2416 2943 3294 178 362 863 2831 23598 21059 3301 1057 540 243 147 107 70 46 32 1016 1021 933 863 848 488 611 789 1067 1439 1806 2405 2892 3360 3646 204 445 1247 5713 128930 90282 6504 1507 579 319 168 117 75 71 37 1151 1126 1006 1037 883 
3082 4189 5202 5414 4194 3162 2201 1479 1104 760 1263 1379 1507 1591 1516 503 831 1214 2031 3705 6986 11157 11076 6605 3465 5998 6734 5764 4158 2726 3842 5107 5619 5180 4073 2683 1940 1343 937 737 1493 1654 1695 1657 1566 436 702 1022 1664 2884 5510 9904 12789 9652 5184 5406 6730 6655 5274 3656 3652 4800 6038 5868 4976 3630 2537 1745 1225 898 1486 1658 1755 1875 1858 590 915 1388 2240 4369 8078 13058 12982 7729 3917 6814 7726 6571 4845 3027 4150 5433 5944 5499 4350 3012 2094 1430 1022 791 1592 1753 1860 1819 1749 484 720 1073 1712 2985 5694 10555 14204 10326 5478 5769 7445 7292 5587 3829 
1805 2697 4145 6233 7185 6436 4655 3085 1957 1304 1996 2297 2462 2424 2336 1205 1887 2960 4921 7678 8584 6835 4265 2634 1672 3140 3638 3540 3114 2653 2347 3513 5361 7131 7393 6037 4043 2562 1649 1111 2255 2438 2608 2574 2206 1030 1623 2582 4213 6581 8842 8545 5870 3694 2179 2927 3498 3805 3610 3022 1844 2973 4511 6544 7922 6979 5053 3247 2131 1395 2166 2538 2709 2659 2537 1305 2005 3287 5486 8054 9385 7405 4754 2828 1817 3284 3858 3789 3471 2843 2478 3899 5956 7829 8382 6570 4278 2820 1842 1218 2462 2842 2870 2776 2394 1173 1708 2682 4594 7326 9744 9276 6406 3901 2341 3257 3885 4151 4005 3443 
4320 5782 6235 5143 3763 2450 1655 1161 770 586 1155 1317 1437 1385 1400 487 618 938 1588 2545 4457 7448 10110 8703 5212 6863 9522 8695 5624 3293 5218 6163 6097 4648 3223 2143 1445 948 640 475 1323 1366 1474 1438 1313 386 553 801 1238 2039 3447 5940 9248 9933 7048 5513 8613 9975 7351 4365 4743 6183 6644 5718 4249 2795 1944 1273 901 656 1367 1401 1463 1587 1530 525 698 1057 1699 2868 4924 8279 11167 9376 5811 7681 10459 9624 6129 3659 5809 7097 6777 5206 3603 2450 1594 1118 760 571 1450 1534 1602 1632 1494 448 596 879 1358 2211 3786 6769 10464 11574 8042 6257 9873 11396 8324 4968 
434 744 1427 3006 7876 23515 18800 6275 2401 1229 3530 3560 3214 2630 2038 1945 2513 3307 3790 3898 3389 2815 2074 1563 1174 1611 1975 2192 2350 2460 684 1185 2214 5294 15315 28531 11709 4117 1891 978 3831 3688 3039 2456 1895 1779 2326 3090 3901 4107 3777 3413 2633 1881 1348 1556 1987 2311 2483 2605 551 936 1609 3322 9021 26016 21506 7004 2888 1414 3842 3933 3611 2810 2208 2201 2795 3613 4111 4286 3714 2914 2262 1686 1248 1835 2078 2406 2656 2558 631 1165 2171 5333 16513 31082 12579 4376 1884 983 4173 3961 3432 2768 1994 1880 2656 3434 4062 4444 4242 3489 2746 2106 1542 1685 2065 2503 2719 2794 
5765 5263 3852 2643 1801 1264 877 629 501 361 837 1008 968 972 986 232 301 477 685 987 1684 2845 5056 9061 11537 7744 68054 10755 2215 770 5937 4855 3598 2419 1553 1082 808 574 473 387 936 995 1015 1012 1034 230 311 411 600 891 1386 2248 4143 7357 11414 4040 25817 39449 5248 1709 6369 5660 4221 2974 2082 1341 1023 672 481 393 1011 1090 1067 1160 1077 288 389 501 778 1128 1898 3140 5780 9774 12840 9403 75993 12676 2824 1103 6052 5036 3626 2494 1728 1145 867 634 491 362 964 1047 1117 1130 1072 239 318 439 607 915 1412 2390 4183 7612 12101 3783 25925 39393 4720 1342 
49 46 68 107 151 283 536 1255 4303 36569 64350 10313 2336 897 411 3129 3008 2457 1903 1505 1129 860 648 506 419 797 903 972 957 1034 62 64 110 194 248 449 1022 2601 11544 73270 31919 5058 1581 777 412 3210 3158 2761 2166 1707 1258 1014 804 564 475 778 850 906 971 996 45 66 106 167 231 330 682 1656 5268 41770 70415 12007 2942 1207 575 3383 3231 2666 2126 1635 1210 957 777 566 408 892 995 1010 1098 1096 52 70 91 139 229 384 799 2201 11264 78962 33191 4818 1546 651 321 3534 3450 2952 2289 1813 1391 1100 809 614 446 848 970 1005 1146 1132 
1597 2117 2758 3384 3705 3649 3099 2425 1831 1357 1467 1737 2192 2321 2485 529 982 2056 4957 15945 26991 9282 3167 1436 700 3352 3155 2777 2159 1640 1973 2666 3256 3867 3906 3470 2892 2321 1631 1310 1747 2102 2532 2600 2567 544 835 1606 3400 9628 28476 18760 5924 2390 1207 3570 3597 3287 2657 2035 1796 2326 3112 3890 4324 4085 3476 2773 2075 1552 1698 1978 2495 2612 2784 720 1190 2349 5912 18276 30914 10697 3871 1706 951 3870 3628 3016 2453 1920 2212 2842 3567 4242 4519 3774 3149 2444 1841 1367 1885 2283 2738 2841 2866 468 870 1547 3508 10015 30338 20343 6326 2461 1228 4007 3893 3539 2884 2332 
577 836 1177 1846 2917 4762 7064 8183 6896 4626 3952 5751 6891 6350 4697 4398 6351 7548 6600 4557 3007 1842 1199 804 586 1528 1675 1669 1590 1475 691 959 1506 2360 3818 5993 7910 7846 5790 3607 4933 6419 6870 5599 3926 3698 5526 7375 7547 5774 3747 2315 1560 1033 724 1438 1597 1672 1662 1544 620 849 1304 1952 3158 5015 7623 8635 7343 4925 4241 6160 7264 6728 4927 4717 7018 8043 7167 4859 3087 2046 1277 930 641 1594 1678 1846 1675 1699 749 1093 1654 2525 4137 6655 9086 8853 6405 4062 5482 7421 7817 6232 4223 4040 6176 8331 8439 6428 4153 2549 1703 1142 754 1646 1797 1876 1831 1667 
12441 10864 6111 3256 1773 1079 739 464 351 233 1119 1038 999 1076 987 420 539 733 1001 1378 1972 2984 4156 5081 5347 1852 5466 24688 28559 6271 13216 8678 4642 2494 1463 888 593 412 314 226 1087 1089 1052 1046 999 392 478 596 886 1246 1698 2482 3639 4835 5482 1472 3498 11753 43534 14031 13412 11769 6794 3535 2008 1251 845 567 361 269 1106 1148 1180 1100 1033 469 590 747 1166 1477 2307 3164 4598 5610 5785 2284 6443 27641 31982 7334 14828 10292 5270 2865 1647 1015 612 483 351 248 1239 1222 1244 1209 1092 479 524 725 941 1457 2035 2921 4239 5688 6475 1411 3694 13112 49183 15477 
220 340 738 1652 5394 32525 24945 4520 1537 665 3552 3491 3042 2370 1737 1873 2414 2951 3232 3313 3005 2478 1950 1529 1134 1485 1928 2194 2333 2379 375 648 1290 3296 13519 54790 10561 2963 1164 598 3731 3337 2795 2136 1616 1688 2207 2741 3261 3477 3241 2859 2286 1709 1318 1383 1666 2035 2356 2396 311 504 960 2098 6464 36134 28212 5260 1946 802 3974 3739 3180 2621 1940 2024 2523 3163 3575 3675 3198 2682 2048 1564 1252 1632 1986 2226 2506 2614 321 572 1191 3156 13577 59914 11137 2811 1088 527 4189 3732 3017 2367 1711 1924 2537 3023 3615 3813 3572 3102 2544 2000 1467 1581 1855 2317 2578 2790 
1900 2327 2892 3046 3165 2669 2194 1728 1335 1048 1262 1364 1650 1864 1984 131 201 390 870 2729 18470 43519 4277 1128 455 4540 3979 2950 2096 1501 2197 2820 3114 3202 3018 2636 2182 1584 1206 923 1374 1670 1855 1985 1992 132 206 398 767 1919 7270 75257 12979 2652 907 4848 4421 3598 2648 1855 2163 2718 3137 3546 3447 3078 2423 1908 1513 1068 1306 1529 1925 2146 2109 175 312 529 1169 3402 21966 50736 5474 1582 678 5139 4368 3297 2345 1655 2432 2963 3376 3608 3250 2775 2303 1772 1331 1120 1473 1751 2058 2211 2208 110 181 305 639 1549 6979 78942 12750 2363 803 5398 4877 3828 2787 2045 
568 758 999 1451 1998 2783 3585 4427 4576 4048 2316 3865 6495 9629 9312 8709 15696 13241 6380 2856 1579 913 594 383 249 1357 1405 1356 1233 1142 659 893 1230 1733 2491 3373 4279 4772 4576 3652 3092 5217 8617 10342 7966 6119 12649 16833 9767 4471 2180 1254 779 454 328 1409 1436 1399 1272 1272 597 764 1112 1591 2201 3038 4033 4985 5104 4441 2511 4335 7360 10773 10006 9484 17827 14482 6944 3412 1735 1039 656 455 315 1546 1583 1460 1380 1222 734 975 1343 1877 2675 3667 4645 5246 4977 3976 3362 5894 9566 11501 8877 6539 14248 18652 10565 4903 2413 1374 798 519 383 1552 1551 1580 1420 1395 
78903 10199 1632 573 230 138 81 66 47 35 1074 1054 985 957 838 486 596 753 1086 1323 1791 2267 2714 3071 3168 528 981 2468 9288 48691 57566 4254 1159 493 257 142 101 56 42 27 1041 1043 955 866 814 456 521 631 903 1110 1623 1903 2472 2920 3143 470 797 1815 5003 23866 86308 12339 2115 765 349 168 119 61 41 40 1119 1073 1037 974 929 494 674 849 1136 1429 1923 2401 2853 3250 3397 645 1234 3064 10826 53071 62969 3841 928 408 196 117 75 40 33 21 1137 1108 1043 1029 937 495 611 759 969 1325 1712 2228 2736 3273 3541 421 774 1704 4978 25909 
14311 15586 7879 3620 1797 1071 616 413 278 195 1097 1123 1047 1031 986 454 622 811 1096 1671 2210 3024 3804 4450 4527 1908 4549 13686 27676 11415 17547 12117 5697 2711 1484 844 523 404 269 232 1124 1144 1050 1022 903 436 529 732 939 1301 1953 2712 3586 4527 4773 1495 3131 8321 24302 20773 15918 16970 8627 4124 2103 1155 741 532 353 249 1113 1333 1231 1154 1058 489 711 872 1202 1704 2585 3366 4452 5137 4952 2249 5378 15403 31270 13125 19216 13244 6091 2745 1555 952 594 398 263 204 1207 1377 1300 1215 1049 443 590 820 1097 1505 2146 3066 4060 4920 5320 1434 3165 8805 26904 22747 
5157 7922 9188 7068 4435 2559 1665 1076 669 466 1324 1421 1382 1409 1310 566 805 1162 1734 2663 4046 5723 6771 6284 4580 4799 7738 10046 7982 5106 6595 9128 8561 5834 3522 2111 1339 910 607 459 1391 1455 1414 1389 1293 498 687 987 1450 2124 3385 4985 6604 6709 5649 3789 6469 9426 9695 6491 5423 8335 9652 7661 4703 2775 1784 1087 786 520 1418 1471 1528 1524 1380 607 888 1224 1805 2784 4235 6054 7394 6695 4823 5101 8275 10403 8666 5382 7570 10402 9743 6551 3873 2286 1421 1008 641 479 1639 1692 1658 1520 1445 560 758 1071 1616 2426 3789 5599 7365 7685 6361 4283 7206 10671 10851 7528 
594 984 1649 3375 7305 15462 15656 7609 3511 1633 3499 3790 3530 2963 2368 2154 3012 3890 4382 4567 3802 2870 2132 1495 1115 1804 2093 2312 2362 2290 825 1421 2532 5102 11587 18538 11897 5316 2585 1413 3812 3902 3481 2729 2047 1961 2667 3584 4379 4664 4493 3550 2543 1896 1333 1621 1995 2376 2461 2351 745 1162 1959 3751 8051 16770 17063 8363 3793 1902 3906 4088 3792 3326 2486 2311 3212 4044 4744 4880 4101 3162 2263 1693 1186 1946 2287 2484 2559 2422 859 1486 2697 5523 12695 20256 12736 5666 2812 1436 4301 4273 3738 2987 2314 2011 2864 3896 4915 5162 4856 3862 2867 2077 1476 1861 2225 2481 2682 2646 
483 670 1042 1673 2742 4803 8069 9802 8041 4953 4718 6245 6811 5490 3858 4066 5342 6202 5257 3998 2645 1863 1306 836 641 1476 1450 1517 1529 1465 615 917 1326 2254 3751 6716 10029 10001 6689 3888 5746 7097 6917 5030 3271 3464 5057 6225 6298 4992 3388 2303 1574 1014 757 1402 1573 1674 1639 1581 522 794 1147 1861 3116 5505 9150 11402 9292 5824 5255 7135 7752 6440 4311 4518 6207 7054 6161 4625 3066 2074 1388 969 724 1623 1800 1861 1759 1679 642 982 1520 2486 4233 7446 11027 11043 7391 4383 6427 7902 7476 5553 3567 3867 5545 6873 7012 5416 3763 2496 1694 1199 873 1594 1807 1887 1826 1857 
2386 4423 8072 12062 10108 5776 3073 1793 1094 675 1758 1880 1951 1813 1553 971 1389 2013 2908 4133 5246 5509 4711 3506 2521 3080 4278 5089 4818 4136 3419 6373 11097 12570 8548 4553 2459 1400 969 603 1928 2009 1989 1802 1588 870 1115 1780 2525 3621 4872 5806 5579 4379 2965 2750 3777 4920 5339 4871 2758 4853 8934 13429 11232 6472 3416 2041 1215 813 1983 2108 2143 2103 1818 1078 1557 2204 3383 4535 5852 6094 5354 3954 2682 3587 4547 5519 5401 4633 3779 6971 11786 13658 8783 4788 2643 1542 923 602 2171 2183 2092 2049 1765 909 1279 1893 2727 3968 5342 6203 5956 4725 3376 2968 4151 5148 5693 5219 
728 951 1307 1715 2048 2619 3046 3299 3208 2733 1608 2442 3738 5673 7180 2584 12272 62095 8274 2003 713 426 230 143 106 1602 1557 1501 1245 1164 820 1125 1490 1931 2477 2990 3417 3519 3071 2613 2011 3011 4711 6754 7764 1831 5909 39616 25709 4400 1597 689 361 232 163 1700 1601 1559 1415 1218 784 1031 1414 1793 2313 2845 3420 3573 3382 2996 1617 2548 3927 6014 7692 3180 14052 67617 9687 2468 1058 545 298 197 119 1734 1673 1607 1328 1190 933 1305 1600 2081 2748 3351 3705 3729 3500 2803 2180 3451 5095 7311 8284 1631 5599 41665 26524 4211 1351 594 335 173 122 1832 1899 1685 1503 1286 
3476 3165 2800 2131 1677 1259 944 747 560 444 798 873 929 992 971 68 89 117 180 308 513 1077 2870 11759 50904 46169 5154 1370 597 307 3512 3046 2656 1994 1579 1102 945 700 545 403 881 977 1013 1014 1021 85 111 119 196 294 494 934 2072 6169 32516 64799 15276 3099 1175 568 3592 3323 2927 2285 1734 1424 953 789 606 498 934 930 963 1004 1090 96 118 188 235 402 666 1356 3309 13307 55485 50860 6129 1852 776 413 3765 3486 2860 2154 1702 1266 1002 730 551 428 994 1048 1123 1104 1137 54 87 109 172 271 441 849 1892 6120 34743 68740 15566 2925 931 472 
3388 3221 2718 2119 1771 1274 948 707 575 418 782 914 1000 975 1033 55 69 92 171 226 420 853 2111 8798 60568 38998 3111 884 370 181 3335 3017 2438 1971 1532 1131 871 666 487 394 865 961 1019 1031 1037 51 72 93 142 220 395 754 1554 4536 24964 100924 9617 1948 709 320 3557 3391 2848 2298 1743 1345 1010 819 554 491 815 877 1010 1028 1037 79 97 141 187 302 534 1028 2695 9899 66116 42305 3967 1165 457 244 3706 3386 2703 2134 1713 1327 921 719 561 469 886 951 1035 1127 1131 50 65 97 123 197 308 621 1326 4370 26211 110209 8992 1546 590 254 
5804 7648 7742 5482 3493 2132 1411 945 661 443 1227 1245 1314 1272 1232 471 696 959 1423 2204 3546 5487 7245 7457 5616 5916 10471 12778 8201 4294 7086 8334 6885 4587 2935 1865 1172 783 629 396 1274 1340 1311 1326 1202 421 638 824 1194 1801 2963 4605 6778 8174 7109 4433 8381 13365 11460 6389 6424 8254 8341 6036 3785 2354 1435 906 721 510 1266 1341 1410 1407 1319 513 704 1009 1553 2414 3779 5771 7960 8082 6042 6218 11398 13648 8985 4823 7756 9048 7470 4987 3060 2056 1305 784 633 441 1373 1427 1443 1438 1409 418 642 895 1321 2022 3107 4807 7135 8788 7512 4697 9042 13945 12203 6777 
430 568 838 1241 1934 3086 4969 7221 8266 6636 4546 8100 10835 9245 5523 6203 7536 6852 4834 3093 1975 1237 833 622 420 1322 1414 1306 1331 1202 528 709 1074 1530 2510 4048 6375 8197 7857 5636 6102 10003 11158 7507 4321 5278 7238 7760 5915 3833 2591 1618 1143 710 569 1286 1377 1415 1355 1372 420 640 891 1411 2028 3554 5479 8034 8900 7133 4903 8905 11930 10249 6003 6897 8225 7485 5335 3424 2197 1415 969 669 537 1398 1483 1529 1438 1422 541 757 1138 1641 2692 4620 6935 9202 8630 6032 6822 10996 12035 8238 4732 5723 7791 8357 6705 4323 2755 1759 1174 794 588 1384 1514 1588 1527 1489 
560 785 1151 1602 2285 3395 4664 5645 5550 4438 2927 4983 7403 8818 7156 6713 10881 11479 7290 3926 2133 1226 815 539 361 1509 1520 1516 1342 1297 633 913 1295 1865 2756 3918 5125 5567 4952 3726 3742 6074 8288 8190 5914 4871 8608 11826 9223 5279 2917 1631 988 665 461 1394 1442 1467 1404 1320 637 856 1199 1654 2486 3669 5121 5998 5843 4745 3124 5228 7872 9324 7750 7345 11685 12122 7668 4177 2285 1432 894 611 449 1498 1561 1560 1507 1305 766 1047 1477 2075 3051 4470 5827 6389 5686 4317 4346 6758 9349 9285 6579 5591 9931 13585 10680 5844 3233 1896 1053 721 500 1619 1666 1642 1592 1442 
1458 3080 7518 18806 18456 7389 3026 1493 826 496 2018 2124 1998 1781 1489 1133 1552 2022 2785 3562 4043 4039 3662 2827 2056 2421 3175 4147 4648 4353 2254 5009 12844 23095 12519 4837 2222 1105 671 450 2137 2100 1933 1613 1433 942 1304 1815 2457 3180 3819 4175 3967 3271 2448 2044 2819 3812 4475 4621 1728 3461 8076 20414 19897 8061 3349 1634 968 590 2183 2216 2083 1879 1643 1221 1594 2226 2943 3898 4313 4433 3734 2976 2265 2523 3369 4326 4848 4563 2355 5276 14202 26032 13712 5284 2411 1194 726 489 2360 2334 2167 1871 1683 1051 1469 2025 2732 3552 4427 4732 4479 3771 2720 2243 3136 4088 4998 5270 
1575 2748 5204 9105 11665 8676 4779 2590 1476 943 2074 2418 2264 2201 1817 1226 1797 2531 3688 4940 5503 4962 3866 2662 1865 2550 3372 3734 3753 3252 2214 3989 7472 11612 11286 7079 3847 2165 1314 903 2290 2490 2417 2114 1846 1062 1598 2313 3364 4824 5762 5682 4772 3493 2411 2481 3083 3774 4028 3726 1844 3233 5828 10322 13094 9839 5396 2958 1701 1081 2370 2572 2555 2410 2115 1385 1955 2962 4170 5515 6185 5663 4408 2919 2036 3007 3687 4076 4196 3616 2276 4194 7665 12124 11844 7362 3878 2245 1304 801 2515 2561 2417 2241 1912 1111 1687 2376 3412 4771 5872 6098 5063 3448 2381 2615 3324 3794 4048 3855 
1927 3282 6661 11432 12206 7471 3901 2111 1240 784 2069 2027 2260 2009 1790 1103 1643 2213 3323 4462 5417 5241 4171 3145 2185 2737 3676 4194 4247 3787 2678 5074 9462 13637 10538 5518 3022 1725 1003 668 2155 2115 2110 1886 1636 971 1363 2056 2851 4041 5095 5650 4999 3728 2739 2489 3278 4255 4599 4233 2126 3861 7409 12758 13877 8388 4311 2314 1414 873 2243 2335 2415 2182 1905 1264 1764 2553 3637 4904 5951 5653 4680 3456 2321 3231 4163 4717 4745 4147 2917 5409 10472 14875 11252 6197 3262 1872 1091 760 2349 2439 2225 2113 1782 1088 1516 2135 3135 4559 5623 6022 5606 4273 2903 2741 3696 4626 4868 4649 
1897 2471 3368 4001 4127 3821 3010 2224 1649 1239 1446 1811 1984 2082 2146 626 1093 1977 4164 9696 18217 13078 5603 2542 1260 3830 3832 3351 2623 1927 2287 3180 3921 4585 4348 3638 2841 2059 1509 1051 1770 2015 2227 2253 2295 593 862 1503 2865 6631 15394 18877 9030 3993 1978 3803 4041 3851 3128 2446 2141 2882 3813 4579 4821 4305 3530 2615 1865 1305 1719 2078 2313 2535 2499 772 1259 2296 4742 10963 21129 14529 6267 3027 1530 4432 4351 3701 2919 2170 2431 3351 4373 5009 4733 3956 3092 2145 1610 1140 1858 2196 2328 2522 2442 543 899 1655 3135 7183 16776 20122 9867 4252 1996 4258 4510 4214 3578 2648 
3730 3554 3200 2599 1974 1420 1084 785 589 478 815 907 1074 1072 1081 113 158 228 362 579 1038 2266 6340 22893 24551 32248 11982 3616 1485 751 3963 3623 2973 2384 1792 1355 988 753 570 458 963 1027 1091 1190 1117 117 172 235 322 516 896 1834 4095 12884 34484 25889 24003 6878 2633 1293 3743 3944 3405 2717 2093 1590 1171 923 646 520 880 1024 1100 1203 1178 136 199 300 447 669 1256 2706 7341 24765 27001 35102 13120 4276 1805 956 4239 3879 3163 2529 1955 1326 1042 803 642 448 993 1084 1135 1204 1171 109 138 185 297 459 920 1644 4019 13435 36065 27565 25526 7081 2580 1186 
448 628 1017 1581 2733 5014 8640 10689 8209 4699 4766 6216 6326 5193 3556 3815 5066 5617 5216 3923 2681 1900 1233 850 654 1436 1541 1638 1668 1509 626 843 1351 2212 3881 7096 10684 10485 6553 3750 5866 6748 6304 4492 3012 3250 4686 5794 5864 4895 3467 2374 1648 1099 766 1325 1582 1652 1648 1597 500 712 1133 1801 3054 5449 9543 11935 9064 5263 5270 6811 7049 5715 4026 4137 5645 6247 5708 4245 3019 2051 1415 947 707 1556 1733 1729 1855 1732 625 894 1539 2405 4325 7841 11781 11412 7352 4040 6366 7547 6890 5044 3341 3712 5183 6469 6444 5366 3763 2628 1771 1177 859 1571 1711 1839 1819 1869 
479 643 912 1440 2251 3482 5449 7174 7172 5368 4016 6494 8598 7794 5261 5474 7431 7348 5527 3454 2203 1454 944 667 464 1370 1447 1397 1375 1296 556 874 1211 2003 3045 4742 6948 8064 6988 4723 5497 8339 9175 7147 4370 4701 6981 8303 7133 4760 3013 1841 1315 869 585 1376 1464 1587 1517 1478 518 735 1075 1509 2408 3990 6008 7979 7842 6002 4527 7322 9486 8694 5883 5976 8174 8368 6124 3916 2434 1542 1031 743 585 1505 1554 1615 1538 1456 609 897 1302 2019 3117 5064 7463 8693 7484 5035 6027 8723 9782 7527 4581 5027 7516 8652 7597 5142 3152 2034 1247 901 646 1491 1603 1593 1556 1533 
4345 4523 4163 3251 2431 1688 1237 853 661 520 969 1081 1116 1200 1208 245 279 438 710 1132 2128 4342 9863 17947 13284 18584 18723 7594 3100 1521 4591 4664 3781 2842 2123 1499 1138 820 594 447 1028 1173 1209 1193 1158 196 305 360 625 941 1582 3187 6851 14855 18303 12615 23066 12774 5021 2302 4587 4894 4408 3453 2579 1875 1333 1003 707 515 1057 1144 1183 1258 1281 232 333 513 807 1347 2355 4672 10684 19483 14248 20266 19852 8349 3440 1823 5085 5061 4219 3191 2370 1601 1143 879 687 480 1148 1216 1316 1359 1322 225 294 382 601 956 1741 3296 7331 16553 20014 13826 25060 13841 5229 2312 
207 301 399 668 909 1588 2714 4958 9304 12574 6782 23818 23157 6572 2368 5406 4936 3774 2577 1823 1237 869 620 453 381 999 1034 1095 1050 1105 283 418 540 771 1250 2093 3814 7159 12053 11835 13588 33537 13318 4324 1772 5593 5609 4568 3223 2292 1619 1100 790 573 413 967 1028 1098 1096 1142 283 379 516 733 1124 1888 3066 5606 10508 14089 7915 27249 26662 7819 2867 6318 5686 4351 3108 1998 1419 1013 765 568 428 1145 1206 1185 1207 1181 281 422 560 871 1343 2188 4174 7721 12719 12803 14467 35600 13910 4191 1733 5980 5877 4906 3501 2425 1773 1254 841 616 489 1088 1199 1256 1265 1227 
4450 4493 3730 2909 2176 1460 1132 790 610 469 879 1000 1023 1058 1054 192 256 425 576 948 1717 3396 7388 15308 15156 22037 23814 7024 2599 1150 4852 4415 3619 2811 1910 1347 964 703 512 456 1034 1117 1161 1154 1117 205 256 372 533 867 1377 2579 5383 11800 18650 13139 33288 13828 4594 1970 4874 4762 4124 3181 2308 1641 1138 865 650 450 950 1072 1178 1108 1082 219 273 473 658 1085 1896 3638 8081 16638 16718 24169 25930 7807 2867 1390 5000 4631 3744 2675 1946 1411 1034 775 574 446 1004 1151 1201 1185 1212 176 221 357 507 834 1417 2646 5573 12207 19350 12973 34483 14386 4562 1868 
1409 8108 93632 4853 1093 466 207 104 69 56 1346 1340 1268 1195 972 696 916 1131 1511 2018 2430 2784 2986 2867 2510 1533 2594 4476 7441 9304 3581 42305 19024 2505 849 346 203 103 91 35 1457 1498 1255 1161 994 655 818 1124 1390 1829 2351 2786 3172 3186 2925 1344 2225 3582 6171 9311 1845 9779 101055 5936 1482 538 304 165 92 66 1520 1430 1394 1250 1090 755 950 1305 1661 2087 2620 2981 3200 3066 2698 1649 2773 4819 7607 9796 3412 45159 19538 2246 674 326 170 97 54 41 1652 1572 1418 1305 1144 755 945 1230 1562 2012 2663 3141 3445 3419 3225 1522 2404 4103 6788 10254 
1116 2160 4767 12187 21652 11829 4585 2140 1077 630 2260 2366 2248 2008 1655 1314 1768 2401 3245 3963 4304 4005 3260 2487 1835 2169 2824 3511 3798 3594 1707 3340 8002 19203 18620 7677 3274 1711 926 623 2489 2395 2214 2025 1602 1122 1535 2150 2850 3686 4343 4260 3835 2908 2210 1944 2517 3217 3765 3920 1386 2575 5514 13625 24040 12984 5309 2468 1303 770 2472 2705 2463 2233 1887 1496 1867 2667 3459 4233 4652 4423 3562 2754 2034 2413 3177 3737 4103 4032 1708 3506 8468 20429 20424 7984 3362 1686 907 560 2707 2615 2426 2052 1753 1174 1678 2439 3115 4018 4565 4554 4083 3117 2301 2124 2771 3521 4253 4243 
4376 6053 7183 6314 4499 2756 1816 1236 820 590 1334 1376 1439 1446 1393 575 757 1112 1787 2871 4777 7361 8793 6999 4594 5811 8250 8480 6102 3769 5400 7024 7194 5578 3730 2443 1535 1038 735 530 1462 1561 1539 1499 1439 474 687 1051 1589 2288 3896 6324 8616 8495 5996 4634 7392 9060 7779 5091 4563 6605 7812 6800 4970 3063 2030 1389 862 650 1408 1603 1652 1557 1605 577 883 1243 1954 3151 5154 7946 9433 7624 4891 6427 8816 9262 6695 4187 5980 7873 8059 6231 4307 2603 1818 1214 833 619 1550 1652 1729 1663 1580 542 764 1134 1589 2723 4291 7078 9666 9417 6383 5303 8101 10122 8531 5696 
357 419 580 774 1087 1528 2112 2949 3814 4493 558 1302 4380 33525 23932 15225 7577 3384 1771 1013 575 354 310 198 149 954 977 943 903 795 419 556 689 1000 1391 2019 2686 3662 4476 4922 1061 2799 12031 71284 9412 18224 12183 5548 2576 1489 914 588 403 302 210 1015 1075 1065 1006 951 360 499 652 837 1219 1681 2406 3213 4116 4819 720 1682 5390 38418 27911 16888 8429 3917 1985 1147 713 458 336 245 188 1117 1092 1073 964 938 446 589 754 1024 1417 2087 2851 4019 4821 5206 915 2394 11659 75254 9155 19146 12716 5749 2854 1511 879 557 350 282 196 1055 1145 1216 1084 1008 
9397 13922 10620 5631 2842 1649 920 629 420 266 1208 1269 1329 1214 1159 555 702 1005 1399 1951 2762 3982 4818 5341 4819 3271 6907 13935 15831 8579 12272 13446 8043 4037 2187 1306 799 553 391 243 1211 1301 1178 1169 1076 450 583 887 1187 1697 2333 3438 4459 5413 5254 2360 4734 10555 17074 12603 10149 14983 11300 6043 3123 1806 1098 689 467 346 1336 1384 1299 1264 1190 592 758 1050 1421 2113 3018 4139 5362 5762 5113 3474 7526 15248 17365 9061 13720 14280 8952 4523 2335 1407 836 548 359 290 1405 1366 1338 1292 1170 480 694 947 1302 1782 2610 3647 4948 5781 5631 2516 5135 11142 18561 13546 
3901 4185 3862 3099 2351 1696 1337 901 721 532 863 1066 1188 1155 1177 174 317 440 614 1112 2087 4560 11715 22492 12319 17450 14334 6282 2828 1499 4046 4209 3754 2797 2073 1522 1121 778 602 482 1044 1089 1176 1250 1242 183 284 369 559 898 1574 3235 7599 18732 18986 13640 18184 10110 4342 2188 4301 4522 4436 3721 2720 1991 1408 1060 777 577 1123 1117 1278 1386 1322 243 320 554 758 1301 2427 5210 13341 24620 13658 19715 16034 7220 3331 1760 4829 4644 3996 3111 2412 1720 1270 993 724 523 1195 1336 1471 1403 1349 175 248 360 611 940 1717 3475 8432 20841 21388 15289 21086 11063 4865 2324 
1331 1653 2197 2620 3219 3223 3195 2698 2089 1619 1490 1910 2449 2806 3039 430 930 2520 9956 50395 11880 2819 1107 525 265 2707 2536 2154 1834 1350 1537 2014 2566 3041 3506 3318 2992 2480 2007 1495 1720 2252 2778 3129 3142 478 893 1844 5376 27600 33199 5996 2090 911 510 2818 2878 2485 2080 1698 1386 1856 2391 3040 3506 3599 3372 2993 2352 1820 1542 2126 2651 3075 3418 677 1296 3132 11629 56580 13824 3541 1344 781 388 3022 2775 2435 1988 1561 1689 2173 2849 3392 3842 3876 3421 2765 2187 1661 1925 2521 3011 3446 3548 408 809 1728 5433 29511 36226 6278 1988 796 432 3210 2929 2700 2330 1799 
2375 3284 4323 5142 4860 3917 2783 2013 1378 1051 1446 1725 1938 1964 1974 651 999 1700 3206 6202 11529 13624 8297 4127 2231 4612 4911 4192 3360 2397 2828 3922 4804 5033 4505 3353 2442 1741 1192 837 1676 1748 1887 1963 1841 523 872 1332 2302 4484 8886 13865 11078 6049 3028 4202 4827 4741 3890 2900 2542 3566 4773 5347 5225 4260 3179 2122 1468 1079 1594 1852 2099 2112 2103 661 1126 1931 3395 6631 12581 14483 9120 4454 2425 5009 5329 4751 3711 2588 3200 4283 5524 5629 5027 3796 2652 1933 1335 900 1828 1962 2132 2187 1978 607 918 1434 2516 4918 9651 15047 12288 6465 3378 4578 5528 5248 4336 3252 
3676 4979 5801 5315 4161 3039 2075 1402 948 670 1295 1310 1469 1517 1501 479 735 1160 1774 3240 5936 9651 11379 7775 4263 6477 7806 7041 4746 3031 4604 5643 6007 5020 3834 2591 1773 1289 884 586 1422 1470 1652 1580 1462 443 621 916 1564 2579 4526 8226 11964 10483 6072 5614 7730 8177 6223 3950 3858 5294 6138 5797 4478 3061 2155 1502 1051 709 1446 1473 1634 1594 1613 530 806 1291 2020 3426 6170 10698 12275 8366 4765 6955 8614 7624 5120 3223 4683 6186 6591 5404 4048 2679 1805 1297 970 661 1551 1717 1794 1706 1652 451 666 982 1556 2744 4759 8627 12544 10880 6445 5988 8280 8436 6696 4233 
127 175 249 340 609 895 2038 4690 12975 25197 18351 25062 8293 2904 1358 3870 3660 3242 2417 1740 1300 941 746 537 393 947 997 1077 1056 1131 158 248 360 518 866 1634 3145 8140 22484 20307 29025 16195 5112 2307 1105 3907 3906 3549 2862 2190 1567 1181 860 649 526 936 1029 1026 1132 1089 142 211 320 469 698 1139 2151 5119 14288 26826 19869 27210 9108 3332 1584 4152 3904 3356 2531 1832 1351 1006 776 565 482 925 1014 1196 1122 1226 139 219 334 472 822 1516 3394 8835 23962 21825 31404 17181 5448 2211 1109 4336 4431 3841 3116 2341 1752 1276 945 728 550 999 1102 1205 1240 1320 
57 83 117 153 279 549 1331 4863 45234 18775 15678 10797 5032 2451 1407 3072 3190 2829 2424 1906 1494 1106 860 699 521 957 1097 1142 1253 1236 67 99 189 281 481 1067 2836 13505 66710 7153 14130 7532 3700 1893 1098 3020 3210 3038 2763 2208 1758 1336 1031 761 598 862 1065 1162 1189 1218 74 122 138 254 372 756 1763 5825 50070 21322 17000 11655 5506 2713 1532 3333 3344 3213 2601 2051 1637 1206 983 709 592 1021 1093 1270 1251 1359 68 103 146 240 418 870 2588 14105 72969 7101 16184 8398 4024 2085 1164 3458 3652 3514 3174 2462 2017 1463 1110 819 638 971 1136 1211 1335 1418 
801 1057 1494 2040 2801 3770 4563 4744 4228 3212 2412 3503 5077 6058 5920 4116 8597 15431 12771 6434 3015 1547 943 570 405 1745 1781 1627 1557 1317 940 1294 1749 2471 3438 4450 5006 4854 3955 2920 3059 4510 5865 6372 5492 3069 6475 13148 16741 9785 4631 2295 1375 816 549 1791 1779 1809 1671 1439 780 1074 1532 2215 3121 4008 4908 5204 4454 3359 2497 3736 5192 6497 6306 4494 9508 16721 13878 6729 3254 1803 1015 647 499 1848 1867 1801 1548 1429 958 1342 1869 2730 3736 4701 5224 5056 4221 3030 3226 4802 6262 6739 5905 3078 6544 13851 17499 10219 4825 2305 1295 822 474 1751 1949 1950 1777 1650 
117 170 262 393 584 899 1706 3053 6734 13523 4557 110807 7025 1226 432 4610 3673 2798 2051 1418 1047 742 620 412 321 857 969 953 933 939 185 262 359 592 780 1248 2400 4855 10281 17343 19220 39483 3388 886 355 4773 4416 3327 2531 1831 1270 935 684 504 415 864 982 1005 1043 1009 183 273 336 446 660 1125 1945 3633 7700 15618 5882 127901 8916 1690 594 5199 4314 3197 2414 1565 1200 858 645 510 368 969 1021 1099 1144 1077 190 270 335 547 775 1387 2451 5063 10863 18805 18876 40771 2855 723 354 5384 4947 3695 2777 1897 1370 1005 687 562 458 956 1026 1045 1084 1094 
1439 2534 5758 13130 17882 9560 4078 2060 1104 667 2204 2213 2101 1941 1651 1216 1668 2275 3233 3911 4449 4187 3467 2621 1852 2510 3103 3674 3982 3749 2109 4210 9382 18758 15102 6795 3133 1649 974 674 2318 2409 2234 1908 1600 1087 1508 2052 2843 3863 4491 4691 4172 3214 2400 2135 2851 3725 4210 4129 1586 3076 6707 14968 20017 10907 4868 2330 1295 783 2467 2574 2336 2141 1865 1340 1891 2601 3572 4411 4975 4694 3976 2897 2221 2684 3489 4125 4505 4257 2086 4266 9979 19785 15745 6925 3210 1586 950 602 2502 2487 2223 2077 1702 1153 1604 2154 2977 4030 4817 5045 4344 3411 2479 2234 3081 3831 4335 4359 
1133 1571 2163 2784 3595 4298 4164 3586 2764 1987 1910 2465 3042 3311 3404 1468 2898 6642 14647 16299 7831 3437 1699 985 578 2374 2405 2162 1857 1555 1392 1979 2577 3391 4291 4549 4229 3369 2457 1765 2390 2961 3436 3782 3625 1287 2203 4701 10807 18911 12578 5591 2682 1359 863 2457 2481 2389 2095 1787 1271 1725 2333 3286 4127 4774 4534 3959 2945 2210 2106 2589 3304 3735 3765 1780 3376 7498 16269 18172 8824 3968 1984 1082 679 2588 2626 2363 2085 1742 1473 2054 2768 3719 4555 4793 4441 3545 2642 1868 2507 3166 3759 3987 3785 1298 2357 4937 11627 20245 13610 6013 2699 1457 884 2621 2651 2602 2440 2006 
