668 897 1157 1577 2076 2609 3131 3254 3139 2831 1551 2406 3733 5758 7213 3063 14424 49421 8127 2192 873 422 229 139 115 1531 1497 1412 1221 1140 822 1136 1460 1905 2445 3092 3509 3349 3226 2665 2039 3185 5084 7039 7787 2145 7087 42628 22293 4551 1679 763 419 260 147 1655 1661 1553 1390 1190 698 1020 1324 1760 2206 2898 3377 3543 3459 2945 1727 2746 4228 6454 7999 3905 16853 55244 9387 2691 1074 545 357 210 135 1702 1631 1549 1397 1171 931 1202 1636 2064 2700 3204 3710 3659 3356 2919 2228 3490 5381 7686 8473 1983 7015 44906 23026 4304 1495 668 373 193 146 1882 1749 1630 1497 1266 
1088 1495 2128 2851 3931 4594 4641 3839 3080 2104 2076 2730 3315 3835 3676 1867 3405 7292 13468 13526 7452 3429 1842 1053 650 2244 2335 2210 1975 1583 1424 1878 2770 3646 4570 4980 4700 3703 2638 1868 2464 3322 3796 3941 3572 1468 2727 5370 10990 16088 11084 5434 2668 1497 865 2408 2397 2442 2139 1942 1202 1670 2431 3384 4491 5159 5251 4255 3329 2324 2299 2842 3701 4067 3972 2078 3898 8111 15225 15060 8221 3923 2128 1269 727 2597 2487 2356 2115 1862 1512 2135 2960 4136 5273 5686 5143 4051 2976 2084 2722 3533 4225 4365 3945 1605 2988 5873 12038 17787 12297 5907 2836 1609 899 2621 2753 2715 2534 2105 
1562 2590 4303 7139 9416 8580 5691 3407 1971 1235 2283 2527 2611 2427 2224 1431 2110 3298 4816 6446 6815 5574 3899 2511 1679 2676 3218 3513 3292 2857 2164 3445 5789 8916 9706 7428 4484 2659 1673 1046 2417 2674 2605 2396 2143 1227 1786 2684 4007 5842 7081 6680 4894 3297 2134 2514 3087 3537 3490 3311 1780 2747 4598 7531 10131 9234 6024 3784 2193 1366 2478 2699 2787 2783 2456 1520 2279 3420 5216 6861 7289 6004 4232 2763 1812 3035 3424 3716 3587 3012 2235 3603 6152 9645 10789 7946 4873 2843 1762 1103 2685 2914 2845 2732 2331 1284 1860 2948 4493 6325 7647 7135 5375 3576 2302 2776 3559 3835 3754 3616 
7769 18931 17097 6714 2841 1371 763 481 294 191 1226 1270 1252 1159 1062 558 754 1083 1418 1936 2680 3303 3948 3921 3455 2244 4415 8138 12219 10162 13478 23510 12078 4807 2123 1121 739 432 310 228 1302 1327 1312 1262 1061 558 709 960 1357 1814 2478 3165 3998 4318 3946 1904 3354 6373 11396 13038 8864 21104 19671 7641 3307 1651 930 580 414 305 1413 1413 1390 1300 1138 693 876 1143 1611 2180 2993 3734 4377 4369 3916 2658 4809 9208 13897 11478 14288 25050 12706 4975 2152 1144 710 432 274 201 1378 1392 1387 1289 1153 607 744 1070 1404 1944 2657 3435 4277 4655 4543 1957 3504 6752 12505 14025 
5617 8141 8672 6381 3909 2291 1483 982 695 488 1263 1317 1380 1388 1266 519 730 1087 1634 2450 3764 5696 7236 6819 5120 5209 9019 11213 8592 4832 7084 8901 7788 5010 3119 1914 1280 837 604 432 1374 1384 1382 1371 1201 480 622 927 1292 1957 3158 4693 6519 7201 6015 4030 7194 10908 10550 6599 5929 8437 9049 6499 4238 2517 1615 1050 717 478 1388 1458 1445 1446 1285 544 746 1073 1670 2563 3964 5877 7328 7179 5293 5445 9391 11584 8942 5131 7599 9542 8368 5593 3440 2089 1352 921 631 440 1489 1524 1429 1529 1277 517 644 974 1429 2131 3358 5105 7155 8034 6562 4173 7619 11771 11453 7158 
111 180 360 677 1933 9128 78366 8140 1793 693 4455 4230 3321 2501 1831 2091 2661 3032 3274 3123 2644 2147 1677 1246 984 1357 1628 1916 2007 2107 191 359 634 1479 4612 34653 28975 4116 1368 592 4668 3905 3054 2156 1559 2034 2395 3010 3245 3232 2893 2479 1950 1528 1142 1300 1500 1770 2032 2135 159 275 453 979 2460 10973 84453 9462 2319 890 4765 4410 3555 2606 2016 2288 2807 3242 3477 3259 2793 2213 1789 1406 1075 1485 1716 1973 2118 2213 174 295 536 1199 4242 36369 30148 3803 1156 486 5157 4494 3322 2510 1762 2158 2738 3357 3650 3610 3262 2802 2290 1725 1311 1472 1652 2056 2291 2511 
1696 3347 7077 14344 14516 7471 3544 1822 1041 633 1995 2083 2072 1846 1580 1107 1593 2105 3000 3868 4607 4533 3806 2838 2153 2517 3417 4222 4375 4050 2605 5213 11027 16771 11495 5418 2633 1466 849 603 2073 2138 2048 1822 1597 1014 1334 1947 2632 3537 4494 4889 4597 3572 2588 2291 3125 4006 4644 4408 2005 3802 7942 15862 16390 8268 3940 2074 1203 772 2163 2364 2279 2119 1794 1199 1757 2356 3379 4264 5061 5092 4302 3195 2351 2834 3757 4571 4943 4174 2858 5668 12380 19084 12953 6032 2919 1606 963 608 2379 2508 2321 2012 1768 1142 1495 2150 3052 4048 5202 5521 5088 4112 3012 2543 3447 4603 5028 5131 
2252 2663 2959 3050 2760 2346 1936 1475 1227 856 1070 1297 1434 1525 1714 63 87 157 312 775 2871 41985 15599 1921 576 6082 4888 3207 2110 1455 2486 3044 3084 2963 2653 2126 1787 1288 1054 738 1209 1359 1583 1691 1675 49 87 152 280 597 1736 9142 103302 5339 1314 6779 5757 4142 2625 1712 2403 2841 3217 3314 3036 2600 2046 1571 1225 937 1170 1369 1558 1764 1814 71 119 191 410 1034 3691 47038 18457 2448 794 6717 5134 3537 2347 1560 2703 3222 3319 3279 2705 2329 1862 1427 1070 862 1231 1485 1658 1815 1889 43 87 146 235 544 1443 8857 109646 4896 1111 7197 6172 4513 2997 1939 
360 467 631 831 1076 1381 1930 2364 2904 3165 312 524 1211 4094 29624 32781 3869 1101 483 251 162 79 83 42 26 1021 966 904 888 787 453 587 775 1023 1327 1694 2119 2683 3245 3326 512 1035 2617 10833 71757 76912 11183 2502 961 475 295 188 106 77 47 990 1005 960 899 795 469 589 708 963 1221 1646 2134 2730 3248 3511 399 739 1701 5227 35354 39090 5306 1568 667 354 225 120 101 69 52 1151 1147 1079 964 850 554 655 844 1085 1440 1921 2413 3027 3445 3668 451 867 2324 10738 76807 82167 11005 2224 852 404 213 153 83 68 34 1125 1083 1130 1090 971 
3026 6000 10908 13552 8922 4751 2519 1466 824 529 1752 1800 1792 1777 1577 897 1251 1798 2570 3643 4800 5490 5119 3877 2989 3441 4636 5930 6059 4916 4451 8554 13778 12340 6857 3632 1964 1093 742 503 1896 1950 1836 1742 1508 768 1088 1550 2251 3233 4370 5533 5623 4873 3605 2878 4068 5526 6441 5877 3260 6030 11434 13908 9516 4787 2619 1520 893 602 1793 1898 1929 1836 1576 879 1326 1753 2668 3726 5041 5597 5340 4238 2964 3516 4817 6067 6193 5189 4623 8792 14042 12681 7142 3649 2031 1187 779 476 1959 1979 1898 1802 1565 859 1165 1608 2388 3307 4492 5448 5815 4893 3839 3014 4177 5644 6580 6026 
295 523 839 1683 4066 12159 27559 11524 3832 1666 4166 4225 3667 2808 2045 2248 2881 3343 3716 3343 2865 2291 1606 1220 943 1383 1718 1906 1888 1992 505 757 1429 2754 7615 23548 22725 7271 2857 1419 4740 4292 3522 2744 1942 2153 2713 3406 3964 3913 3510 2741 2131 1524 1131 1451 1659 1848 2099 2155 383 648 1076 2071 4662 13939 31336 13607 4665 1936 4728 4680 4093 3119 2285 2488 3132 3878 4184 3892 3199 2540 1860 1423 1056 1630 1904 2113 2295 2175 432 767 1415 3079 7978 25104 24723 7827 2891 1359 5102 4675 3875 2922 2139 2319 3011 3656 4341 4430 3787 3104 2277 1655 1279 1514 1827 2083 2361 2359 
282 414 645 1207 2392 5399 13516 20700 10186 4045 5667 6145 5335 3742 2490 2965 3715 4093 3758 3257 2450 1810 1323 968 709 1340 1502 1602 1632 1605 405 675 1023 1877 3810 9358 21134 17471 7025 3017 6697 6359 4803 3413 2194 2766 3635 4347 4419 3809 2984 2306 1708 1241 911 1266 1510 1641 1795 1762 339 524 803 1413 2664 5848 14983 22684 11114 4456 6327 6754 5772 4067 2720 3307 4064 4459 4136 3506 2624 1965 1396 1048 872 1435 1575 1778 1785 1841 380 617 1060 1895 3814 9565 22322 18495 7257 3116 7153 6825 5247 3538 2317 3067 3980 4630 4778 4166 3240 2415 1809 1318 949 1380 1663 1767 1824 1893 
722 1063 1601 2354 3606 5126 6695 6544 5097 3390 3278 4297 5341 5413 4498 3552 6112 8637 8894 6294 3809 2253 1413 925 647 1799 1846 1917 1742 1556 892 1283 2027 2956 4668 6401 7117 6257 4483 2807 4009 5093 5672 5050 4012 2922 4905 7757 9741 8009 5191 3052 1936 1224 802 1775 1974 1944 1916 1736 781 1119 1599 2476 3823 5540 7002 7025 5468 3555 3443 4672 5793 5706 4794 3884 6557 9289 9546 6760 4076 2520 1541 1017 729 1880 1898 1997 1864 1711 967 1472 2134 3337 5051 6900 7853 6893 4823 3200 4393 5545 6365 5823 4502 3197 5487 8657 10669 8964 5760 3356 1998 1301 854 1980 2091 2154 2074 1963 
1076 1461 2027 2848 3692 4530 4631 4193 3190 2286 2083 2730 3406 3953 4043 1848 3849 8413 17089 14619 6607 3151 1508 915 553 2319 2423 2156 1888 1570 1298 1732 2410 3312 4115 4768 4573 3735 2665 1897 2351 3176 3820 4034 3904 1520 2758 5895 13187 18745 10322 4659 2270 1288 725 2309 2366 2336 2049 1789 1125 1536 2196 2930 3966 4652 4782 4166 3282 2417 2182 2877 3663 4132 4113 2099 4047 9259 18095 15596 7216 3360 1771 1027 620 2426 2333 2260 1997 1726 1427 2027 2657 3752 4714 5289 4906 4102 2952 2141 2640 3639 4300 4446 4310 1528 2955 6474 14569 20328 11405 5006 2562 1366 822 2612 2657 2611 2222 1982 
289 394 554 825 1295 2182 4151 7919 11692 10255 7302 13261 13159 6858 3444 5013 5321 4558 3350 2311 1587 1106 768 585 430 1106 1138 1145 1243 1121 346 525 725 1120 1869 3227 6162 10942 13128 8554 11083 15741 10765 5320 2674 4950 5740 5268 4235 3019 2126 1487 1010 746 559 1165 1239 1330 1313 1261 322 424 651 937 1503 2475 4574 8731 13296 11601 8000 14874 14493 7934 3859 5503 5933 5126 3833 2645 1857 1292 918 658 469 1168 1293 1338 1392 1354 373 473 816 1193 1877 3497 6447 11697 13731 9191 11792 16440 11293 5547 2817 5268 5967 5806 4519 3238 2256 1533 1044 822 563 1224 1352 1357 1421 1331 
351 470 645 920 1390 1950 3109 4653 6304 6676 2968 7217 17615 18321 7395 8847 8202 5371 3296 1949 1234 850 579 426 290 1098 1150 1058 1094 1022 454 591 788 1148 1731 2672 4004 5820 7147 6475 4802 12565 22575 12704 4979 8098 9284 7128 4407 2707 1717 1124 725 506 378 1094 1138 1171 1203 1142 415 516 757 986 1439 2186 3301 5011 6806 7205 3396 7978 19985 20106 8420 9432 9081 5939 3566 2131 1314 908 605 455 337 1170 1167 1281 1203 1189 437 595 816 1264 1828 2792 4447 6315 7548 7039 5208 13388 24635 13615 5253 8896 9998 7642 4747 2871 1747 1110 761 523 405 1168 1258 1289 1270 1132 
31 18 43 64 99 210 410 1057 5036 119067 32528 10273 3304 1457 678 3075 2964 2461 2047 1518 1280 975 723 560 447 877 931 1019 1080 1090 27 42 56 102 175 316 719 2552 22362 31831 21287 6203 2387 1141 642 3196 3112 2866 2381 1867 1473 1106 874 720 527 893 982 1011 1072 1179 21 27 56 93 136 242 503 1386 6023 130207 35032 11439 3841 1685 919 3220 3074 2668 2305 1657 1317 1012 803 603 474 878 1007 1105 1188 1139 23 30 54 84 147 313 640 2046 22256 32880 22767 6413 2366 1098 586 3422 3483 3084 2582 2058 1619 1311 947 697 592 929 1004 1120 1178 1214 
1449 2058 2892 4020 4794 4919 4144 3087 2235 1536 1839 2271 2594 2784 2702 1146 2049 3786 7767 13520 12515 6672 3395 1741 1040 2990 3090 2764 2441 1877 1899 2530 3708 4662 5208 4756 3865 2844 1930 1384 2077 2549 2790 2909 2705 985 1633 2993 5801 11075 15189 9915 4836 2534 1464 2984 3192 3114 2741 2295 1638 2412 3273 4381 5265 5595 4609 3440 2506 1826 2116 2602 2816 3155 3070 1374 2332 4442 8647 15365 13956 7552 3809 2064 1188 3223 3424 3198 2764 2119 2009 2867 4076 5205 5885 5375 4147 3121 2192 1540 2502 2923 3206 3230 3125 1081 1705 3196 6295 12574 16857 11177 5358 2914 1461 3306 3523 3497 3077 2553 
459 534 691 914 1168 1520 2001 2437 3013 3043 475 903 2135 6191 27088 61575 6574 1689 680 336 205 110 69 50 42 1011 985 986 854 755 494 645 850 1141 1480 1920 2430 2933 3354 3492 838 1723 3979 13865 42648 47748 21197 3590 1283 595 288 194 132 108 74 1091 1072 1021 991 862 476 554 726 980 1287 1671 2186 2688 3049 3254 658 1204 2473 7162 29791 68066 7787 2138 897 439 267 170 129 81 58 1068 1047 995 944 841 517 723 929 1142 1577 2034 2586 3277 3525 3749 775 1585 3918 14474 45161 50374 21772 3434 1173 501 229 178 119 69 47 1212 1247 1165 1074 1007 
6256 8577 8033 5652 3445 2047 1279 829 583 415 1175 1295 1274 1244 1181 499 634 933 1357 2196 3126 5024 6669 6729 5435 5177 9853 13475 9630 5044 8245 9593 7532 4744 2875 1822 1121 717 576 343 1327 1388 1394 1259 1213 487 620 870 1274 1871 2809 4453 6286 7587 6852 4093 8015 13611 13322 7464 7068 9372 9000 6194 3728 2311 1428 935 670 491 1362 1351 1431 1347 1308 544 741 1007 1547 2385 3567 5480 7172 7618 6018 5776 10997 15009 10664 5634 9133 10288 8261 5107 3125 1861 1207 827 594 423 1433 1587 1508 1463 1344 466 664 910 1322 2004 3159 4803 6854 8105 7384 4486 8495 14768 14462 8360 
1223 1898 3087 5097 7469 8382 6474 4017 2435 1522 2344 2733 2919 2727 2445 1645 2467 3831 5547 6759 6255 4489 2952 1960 1241 2358 2615 2800 2723 2317 1614 2528 4225 6778 9195 8361 5538 3422 2079 1313 2926 3040 2950 2846 2316 1389 2238 3333 5006 6696 7272 5846 4004 2684 1683 2323 2824 2988 2915 2606 1377 2145 3526 5729 8659 9538 7169 4668 2794 1786 2658 3070 3254 3126 2688 1852 2814 4256 6287 7553 7035 5029 3333 2152 1443 2638 3108 3314 2938 2637 1776 2830 4681 7501 10197 9490 6336 3836 2298 1449 3043 3351 3393 3070 2572 1565 2327 3762 5586 7463 8005 6560 4551 2835 1893 2596 3104 3384 3449 3076 
309 363 501 728 978 1598 2406 3998 6362 8235 2371 8774 43894 15339 3526 7322 5851 4050 2506 1572 1033 705 525 420 280 996 1051 1053 1031 984 323 473 685 939 1341 2206 3474 5489 7997 8731 5056 22648 39520 7892 2585 8066 7549 5203 3409 2176 1393 906 647 484 342 975 1069 1093 1155 1053 286 424 562 836 1074 1753 2778 4517 6866 8784 3030 9993 48715 17104 4263 8067 6506 4230 2709 1771 1115 828 581 434 302 1077 1142 1131 1076 1045 332 493 689 982 1466 2282 3655 5793 8502 9484 4870 23839 41487 7719 2378 8418 7925 5513 3520 2191 1529 1002 678 530 387 1085 1124 1177 1169 1162 
817 1115 1479 1862 2506 3125 3340 3300 3068 2405 1776 2366 3465 4579 5261 1838 5327 23419 28152 6349 2083 949 518 277 204 1826 1763 1570 1430 1231 1004 1375 1841 2392 3051 3637 3833 3493 2992 2359 2218 3235 4444 5497 5697 1450 3462 12240 43630 14675 4098 1737 842 525 308 1984 1957 1909 1615 1406 953 1206 1557 2132 2710 3390 3747 3687 3392 2708 1823 2720 3910 5010 5893 2206 6353 26374 31801 7528 2610 1170 645 385 248 2032 2006 1811 1599 1349 1053 1371 1870 2518 3062 3649 3951 3572 3089 2499 2305 3264 4654 5675 5989 1345 3443 12063 44231 14710 3878 1553 751 428 252 2103 2024 1932 1718 1452 
736 971 1255 1675 2085 2703 3126 3443 3220 2816 1575 2427 3712 5595 7095 2434 11056 60094 9900 2381 906 416 271 154 103 1682 1581 1500 1273 1121 840 1014 1485 1952 2395 3033 3359 3278 3003 2463 1947 3099 4596 6385 7184 1842 5525 32812 28363 4997 1665 787 411 241 160 1589 1646 1557 1413 1156 796 1060 1341 1672 2264 2887 3287 3696 3470 2950 1726 2616 3939 5843 7520 3182 12553 64973 11235 2931 1221 581 359 205 136 1764 1663 1574 1383 1183 949 1221 1668 2072 2761 3396 3750 3880 3359 2736 2208 3381 5155 7225 8031 1622 5355 35610 30720 4811 1535 691 362 203 135 1883 1831 1673 1511 1353 
809 1145 1591 2269 3158 4146 4768 4742 3828 2892 2436 3416 4386 5158 5110 3173 6694 13358 15178 8323 4042 2108 1158 680 452 1940 1933 1855 1682 1439 954 1392 2055 2683 3851 4687 4941 4373 3450 2468 2909 4019 4962 5279 4683 2285 4679 10017 16047 12199 5841 2901 1596 924 628 1877 1978 1948 1778 1556 889 1260 1695 2487 3397 4558 5096 4999 4202 3133 2543 3542 4770 5591 5360 3532 7293 14704 16364 9119 4323 2331 1323 803 530 2076 2101 1951 1818 1548 1141 1510 2109 3029 3949 5053 5377 4861 3877 2792 3075 4391 5412 5846 5078 2549 5061 10709 17805 13048 6306 3171 1636 974 611 2003 2200 2058 1920 1732 
192 255 371 552 867 1397 2614 4980 9715 13823 8427 28007 18491 5266 2060 5018 4491 3471 2568 1752 1282 881 668 474 410 953 1022 1078 1053 1031 253 343 510 770 1207 2003 3770 7575 13424 13515 17486 31670 10499 3669 1552 5208 5189 4265 3233 2197 1558 1134 815 595 456 972 1091 1057 1153 1022 245 306 472 635 979 1622 2828 5359 10910 15496 9542 30784 20020 6058 2488 5398 4898 3889 2761 1971 1351 987 739 505 417 998 1142 1150 1123 1085 242 363 539 759 1296 2166 4195 8438 15000 15139 19049 35182 11276 3795 1648 5852 5826 4896 3533 2582 1823 1203 912 696 504 1084 1189 1230 1273 1241 
5796 8903 9613 6882 4217 2379 1466 957 659 490 1292 1425 1323 1382 1274 583 778 1077 1608 2530 3739 5491 6633 6168 4866 4710 8353 11096 9257 5246 7730 10152 8524 5678 3245 1930 1286 801 627 413 1334 1383 1356 1334 1234 502 692 957 1383 2058 3136 4655 6158 6706 5679 3625 6569 10343 10939 7314 6075 9181 9954 7190 4308 2601 1606 976 690 432 1337 1404 1515 1400 1326 655 905 1145 1780 2577 3934 5597 6763 6434 5060 4838 8685 11473 9444 5483 8178 11067 9665 6138 3665 2132 1324 807 587 464 1586 1539 1584 1473 1490 549 748 1005 1459 2290 3458 5166 6819 7394 6392 3899 7034 11281 12028 8008 
81503 9982 1945 729 327 183 103 66 53 41 1048 1019 1020 906 887 426 601 782 1044 1341 1749 2254 2733 3130 3369 423 881 2300 9814 63014 41706 4753 1465 573 306 183 107 88 47 39 1044 982 919 884 806 424 563 725 900 1229 1502 1952 2473 2932 3247 417 807 1695 5027 29498 88848 12044 2439 901 456 268 157 106 57 49 1171 1115 1116 976 1001 506 696 916 1053 1426 1922 2341 2922 3420 3520 586 1161 2869 11376 67910 43980 4259 1178 502 275 149 119 68 45 34 1207 1179 1060 967 911 441 620 755 1009 1320 1692 2251 2691 3324 3605 318 613 1549 4754 31218 
779 972 1561 2243 3264 4527 5891 6039 4968 3504 3027 4213 5647 5889 5030 3971 7092 10336 9874 6324 3558 1924 1241 802 558 1750 1809 1832 1678 1509 850 1253 1827 2778 3986 5371 6228 5786 4369 3013 3744 4902 5961 5743 4484 3190 5523 9136 11079 8317 4882 2810 1601 1044 695 1714 1800 1888 1779 1563 774 1089 1536 2281 3380 4889 6123 6289 5197 3783 3074 4365 5642 6113 5372 4404 7555 10989 10459 6606 3671 2212 1320 829 596 1759 1917 1858 1708 1612 966 1309 2070 3006 4353 6030 6894 6358 4658 3210 4032 5522 6639 6406 4993 3411 6002 10208 12171 9092 5344 2990 1743 1053 739 1904 2030 2116 1969 1772 
1350 2204 3532 5898 8137 8574 6113 3763 2252 1376 2276 2649 2818 2576 2348 1561 2221 3574 5158 6906 6610 5100 3432 2261 1450 2538 3035 3088 2998 2556 1774 2920 4908 7593 9143 7899 5159 3136 1912 1166 2573 2789 2993 2518 2192 1340 1944 2960 4475 6490 7325 6257 4388 2928 1992 2519 3009 3313 3183 2958 1393 2372 3703 6194 8610 8904 6533 4035 2440 1483 2442 2708 2891 2873 2400 1636 2440 3771 5693 7265 7071 5438 3702 2337 1649 2807 3181 3334 3085 2785 1983 3203 5332 8617 10172 8727 5638 3404 2060 1355 3007 3264 3271 2926 2508 1439 2246 3309 5105 7353 8233 7021 4941 3219 2121 2734 3259 3597 3623 3358 
467 619 788 1103 1470 2050 2773 3523 3923 3938 1484 2732 6039 12642 15307 16422 18637 7950 3069 1536 844 440 347 217 167 1191 1139 1126 1080 947 542 739 1012 1430 1895 2705 3405 4139 4296 4106 2285 4554 9965 17177 13205 11593 22895 14243 5511 2507 1254 778 494 318 238 1251 1211 1227 1173 1114 484 674 874 1196 1689 2294 2998 3758 4287 4359 1687 3293 6786 14190 17030 18523 20583 8848 3726 1820 962 603 404 259 203 1350 1232 1233 1126 1049 576 803 1089 1557 2089 2837 3708 4528 4721 4419 2425 5106 10848 19004 14266 12819 25294 15136 5871 2562 1333 794 461 286 211 1360 1464 1370 1232 1263 
209 313 441 641 1027 1769 3241 6385 12317 13707 8965 20068 15772 6261 2761 4950 4765 4001 2932 2032 1383 1025 781 535 425 1025 1082 1123 1098 1116 269 395 589 796 1525 2431 4766 9533 14549 11449 15038 21451 10411 4171 2064 4791 5188 4583 3664 2531 1747 1213 881 647 526 976 1053 1200 1195 1220 237 326 538 763 1119 2002 3548 7281 13329 15080 10038 22110 17355 6831 2995 5567 5277 4244 3150 2166 1531 1089 800 598 442 1173 1196 1212 1262 1265 269 416 578 860 1448 2513 4947 9944 15707 12189 15672 22999 10857 4400 2045 5207 5606 4949 3833 2758 1847 1338 952 730 521 1112 1231 1252 1266 1253 
31024 13862 4265 1662 826 500 292 217 130 97 978 976 993 893 890 430 557 743 977 1235 1723 2366 2958 3572 3690 588 1310 4203 27901 30045 27950 8332 3004 1393 799 460 335 224 145 113 1099 1072 1028 935 871 398 571 668 907 1169 1574 2151 2881 3577 4101 532 1106 2763 10977 68231 34868 15788 4850 1976 1074 631 397 251 188 139 1080 1065 1041 1041 865 440 588 758 1061 1443 1982 2564 3232 3950 4083 757 1681 5119 31295 34418 28633 8351 2982 1304 706 390 260 180 125 97 1210 1118 1050 947 872 433 549 713 962 1218 1638 2286 3006 3647 4153 473 920 2444 10671 69020 
310 508 701 1178 1976 3836 8038 13842 12680 6550 6246 8175 7446 5089 3212 3885 4736 4950 4179 3172 2238 1627 1108 834 595 1267 1370 1525 1498 1473 460 666 963 1599 2991 5986 11744 15597 9838 4882 8040 8643 6656 4389 2645 3593 4683 5232 4931 3916 2979 2034 1386 1004 793 1220 1391 1538 1578 1569 403 541 826 1363 2312 4393 8986 15746 14339 7579 7285 9183 8482 5837 3662 4566 5318 5311 4794 3518 2602 1813 1217 977 738 1429 1538 1677 1680 1610 453 632 947 1708 3070 6316 12575 16305 10437 5167 8419 9140 7209 4602 2736 3917 4926 5499 5183 4036 3032 2126 1488 1088 740 1442 1507 1604 1661 1719 
4533 5488 5394 4197 3025 2111 1461 1046 696 508 1074 1182 1226 1285 1253 308 480 666 1058 1931 3223 6176 10609 11829 7811 10211 14308 10127 5191 2583 5367 5710 4978 3750 2537 1683 1261 881 624 488 1223 1179 1295 1361 1244 316 403 621 957 1484 2485 4576 8604 12506 10378 7464 13373 13222 7428 3789 5052 6087 5764 4530 3187 2366 1602 1075 760 580 1197 1316 1405 1452 1371 388 492 822 1165 2022 3586 6817 11796 13236 8557 11169 15716 11175 5608 2883 5856 6113 5449 4053 2789 1830 1326 991 713 536 1337 1392 1402 1332 1418 327 452 698 967 1571 2702 5066 9427 14093 11572 8139 14871 14823 8359 4124 
3036 3058 2863 2359 1991 1614 1208 911 673 563 849 998 1032 1149 1169 25 35 63 112 203 396 1002 4145 94520 8483 16248 6682 2911 1504 812 3147 3033 2774 2253 1836 1469 1079 778 652 494 899 1045 1109 1155 1275 39 41 64 103 168 331 749 2394 16443 48377 21426 11157 4419 2188 1162 3194 3281 3090 2487 2137 1675 1268 906 745 576 874 999 1130 1167 1264 41 43 82 139 248 455 1303 5285 101039 10075 17596 7296 3230 1560 905 3409 3295 2960 2489 1968 1560 1209 913 708 574 1025 1085 1233 1281 1287 22 36 69 105 115 255 621 1975 16105 49542 23104 11678 4655 2137 1140 
65 92 115 176 301 535 1129 3139 15784 49811 23890 13823 5002 2147 1072 3314 3115 2831 2317 1805 1362 1041 822 602 416 904 1058 1042 1071 1104 74 118 195 313 500 921 2171 7124 47718 19612 22496 8784 3491 1677 883 3270 3398 3091 2616 2099 1565 1202 907 664 566 941 1021 1103 1088 1233 78 106 177 237 406 696 1502 4040 18366 55716 26194 15369 5730 2495 1334 3501 3510 3012 2447 1907 1396 1109 862 645 548 1042 1137 1151 1227 1259 75 92 160 269 446 859 2057 7437 54098 21570 25305 9778 3743 1762 988 3831 3928 3654 3020 2453 1850 1454 1019 822 667 1006 1127 1244 1295 1346 
2305 2989 3563 3720 3509 2894 2286 1716 1266 963 1208 1459 1666 1836 1783 292 435 765 1489 3588 11480 31645 14004 4209 1707 5793 5069 3899 2635 1888 2640 3330 3830 3875 3279 2562 2050 1462 1100 814 1376 1506 1704 1850 1793 295 442 695 1298 2536 6684 22198 26513 7803 2958 5793 5619 4608 3282 2203 2529 3127 3885 3956 3788 3033 2314 1869 1325 964 1333 1614 1725 1859 1869 338 544 938 1801 4131 12512 34348 15258 4727 2074 6119 5607 4144 2838 1966 3217 3792 4219 4261 3745 3000 2286 1692 1291 960 1572 1788 1951 2130 2177 250 388 625 1186 2569 6940 24800 29810 8467 2898 6348 6501 5167 3821 2567 
254 336 471 659 922 1489 2295 3613 5600 7936 1622 6443 65391 11853 2280 7041 5389 3590 2237 1449 939 721 468 339 272 925 1002 1020 949 882 276 431 579 831 1192 1942 3018 4986 7325 8685 3685 21506 45878 5474 1661 7659 6841 4629 2969 1918 1301 825 564 401 337 913 972 1026 1022 994 284 392 459 743 990 1535 2393 3888 6085 8347 2120 7923 71634 13939 2895 7705 5808 3815 2481 1545 1049 736 496 383 287 966 1070 1060 1052 1001 317 438 606 869 1333 2061 3206 5104 7742 9292 3389 21718 47460 5108 1427 8304 7237 4916 3219 1988 1303 893 658 485 367 1027 1117 1140 1153 1077 
96 182 274 416 617 1111 2519 6732 21517 22862 15528 16478 7837 3274 1680 3774 3812 3326 2623 1962 1491 1045 761 627 413 996 1057 1136 1173 1131 160 235 373 583 1029 1911 4254 12482 30153 13493 19519 12351 5418 2613 1353 3559 3805 3592 3076 2382 1721 1230 974 725 601 923 1103 1205 1224 1197 123 227 317 520 766 1357 2984 7406 23377 24658 16843 17784 8391 3797 1918 3980 3926 3401 2801 2087 1596 1144 906 641 512 1055 1155 1216 1259 1271 180 227 330 512 965 1951 4347 13716 32820 14648 21265 13768 5741 2709 1475 4153 4337 4073 3357 2689 1988 1411 1042 777 609 1008 1130 1242 1265 1379 
6106 9402 10122 6753 3826 2235 1299 833 535 429 1233 1294 1300 1327 1143 527 775 1089 1573 2203 3454 4907 5976 5951 4455 4197 7630 11016 9693 5777 8585 11270 9400 5711 3138 1928 1137 754 525 400 1348 1387 1391 1399 1213 530 596 952 1426 2065 3106 4518 5785 6419 5773 3449 6072 10435 11959 8396 6804 10243 11151 7323 4346 2412 1527 978 638 473 1412 1436 1506 1388 1273 612 865 1204 1744 2498 3826 5299 6384 6478 4973 4631 8336 12234 10841 6555 9141 12048 10008 6126 3324 1952 1200 819 568 378 1515 1559 1550 1475 1288 531 729 984 1480 2289 3295 4821 6379 6981 6009 3517 6643 11449 13105 8983 
4627 7920 10102 8254 5062 2881 1606 1048 679 487 1333 1504 1436 1419 1330 574 908 1247 1777 2805 4152 5668 6327 5332 3974 4215 6663 8490 7547 5092 6447 9686 9924 6769 3840 2352 1382 867 636 399 1499 1542 1541 1505 1344 588 802 1129 1605 2465 3495 5222 6377 6163 4831 3360 5564 8135 8907 6807 5302 8885 11158 8894 5463 3084 1905 1222 806 558 1495 1573 1618 1594 1485 655 957 1440 2072 3090 4632 6073 6721 5869 4478 4636 7291 9342 8515 5662 7120 10621 11048 7435 4374 2537 1620 996 674 477 1678 1693 1628 1569 1436 613 840 1175 1738 2624 3795 5623 6905 7030 5493 3752 6261 8941 9709 7390 
153 199 296 405 646 1211 2234 4860 11852 20173 14274 28963 10595 3586 1570 4188 3968 3213 2379 1811 1304 968 695 540 417 897 1003 1091 979 1055 195 295 428 578 961 1690 3420 8074 18218 17319 26142 20431 6413 2598 1212 4263 4317 3689 2996 2119 1582 1171 813 600 473 968 978 1080 1010 1102 162 257 332 522 807 1305 2531 5413 13241 22217 16020 32488 12174 4189 1886 4693 4358 3620 2654 1962 1442 1021 810 592 439 993 1113 1171 1219 1188 202 279 386 644 1076 1816 3700 8850 20279 19532 28986 22741 7025 2611 1225 4911 4962 4219 3347 2425 1782 1233 969 677 539 1018 1137 1171 1210 1266 
263 372 677 1283 2786 7879 27943 20032 5560 2091 5143 5059 4210 3056 2114 2621 3031 3506 3597 3338 2701 2129 1605 1250 865 1398 1625 1844 1908 1908 370 566 1022 2022 4803 15941 32406 11041 3595 1544 5232 4639 3728 2678 1853 2307 2848 3431 3812 3708 3083 2459 1897 1347 972 1285 1479 1738 1899 1956 316 477 763 1450 3248 9068 30350 21664 6448 2490 5498 5521 4578 3323 2333 2672 3525 3925 3943 3581 2997 2329 1706 1303 928 1457 1736 1965 2038 2052 347 584 1020 2026 5132 17634 36315 11928 3745 1605 5889 5346 4189 2974 2140 2483 3223 3950 4269 4149 3550 2820 2138 1549 1228 1400 1665 1933 2089 2130 
838 1343 2458 4444 8779 12186 10042 5398 2774 1529 2893 3151 3019 2784 2344 1790 2713 3855 4860 5271 4785 3539 2448 1664 1188 1965 2411 2655 2552 2375 1276 2030 3608 6814 11651 12787 8051 4182 2320 1377 3457 3471 3275 2699 2250 1690 2352 3436 4717 5463 5469 4389 3081 2140 1493 1976 2329 2650 2832 2705 987 1571 2730 5317 9694 14082 11288 6116 3219 1874 3313 3562 3679 3221 2671 2247 3069 4350 5548 6006 5233 4000 2854 1881 1354 2249 2661 2899 2902 2726 1222 2076 3771 7200 12243 13563 8580 4478 2409 1414 3523 3741 3422 3027 2379 1809 2568 3628 5013 5967 5763 4708 3380 2355 1646 2087 2563 2785 2928 2886 
1201 1780 2680 4087 5750 6796 6191 4449 3041 1951 2468 3068 3333 3424 3062 1879 3129 5238 8091 9557 7476 4574 2621 1638 1037 2432 2693 2727 2405 2012 1482 2198 3386 5061 6584 6890 5439 3818 2422 1655 2682 3252 3419 3273 2828 1461 2369 4162 6600 9223 8731 5970 3501 2082 1335 2240 2505 2716 2629 2223 1253 1830 2674 4284 5932 6964 6314 4672 3157 2040 2588 3110 3382 3447 3131 1923 3269 5331 8270 9783 7510 4814 2771 1722 1087 2544 2675 2639 2446 2084 1583 2468 3747 5575 7296 7684 6243 4187 2779 1770 3016 3476 3716 3566 3088 1645 2638 4521 7537 10217 9774 6526 3945 2421 1428 2584 2888 2980 2878 2605 
3955 72789 10394 1579 545 294 102 84 61 38 1189 1219 1153 1096 888 613 757 976 1308 1676 2138 2584 2890 2943 2736 1315 2273 4606 9496 14814 14618 61473 4375 1135 474 229 131 78 53 36 1249 1272 1148 1017 970 551 689 915 1183 1467 2044 2410 2960 3165 3121 1143 1840 3426 6975 13558 5185 84273 12696 2190 742 338 180 108 67 58 1354 1408 1243 1140 991 667 874 1089 1428 1900 2333 2805 3179 3331 3052 1468 2672 5133 10559 16923 14559 65303 3861 1008 427 208 104 66 43 29 1414 1332 1267 1110 1034 598 808 991 1327 1719 2225 2750 3184 3562 3376 1164 2001 3670 7656 14872 
26953 15897 5160 2052 1014 631 353 246 164 133 1021 1034 992 979 807 466 555 755 1025 1345 1894 2611 3180 3694 3877 860 1814 5959 33059 24401 26658 9420 3509 1564 920 550 348 258 191 121 1099 1093 1004 947 835 395 552 699 909 1177 1645 2235 3079 3566 4080 730 1418 3572 14422 51614 29345 17343 5620 2440 1239 668 449 312 186 155 1132 1016 1037 1020 939 514 666 845 1081 1403 2006 2581 3318 4004 4176 1045 2203 6797 36394 26845 28237 9776 3477 1648 837 529 315 235 159 114 1149 1139 1093 1004 936 423 528 707 962 1306 1771 2371 3106 3802 4325 617 1270 3334 14227 54169 
601 927 1427 2426 4212 7332 10149 8698 5428 3020 3540 4477 4642 4048 3151 2928 4206 5387 5923 5004 3718 2429 1591 1135 798 1623 1882 1807 1896 1750 798 1264 1970 3471 5990 9624 10618 7543 4351 2468 4373 5003 4607 3844 2788 2460 3735 5076 6205 5720 4623 3030 2091 1390 988 1648 1868 1933 1944 1910 684 1046 1667 2780 4791 8225 11249 9721 6120 3384 4082 4975 5232 4564 3568 3275 4585 6044 6587 5710 4093 2764 1869 1271 894 1834 1992 2235 2121 1960 843 1365 2213 3788 6668 10469 11728 8060 4736 2617 4890 5355 5321 4236 3172 2778 4100 5672 7025 6608 5030 3515 2415 1625 1060 1806 2014 2136 2235 2123 
1603 2299 3361 4840 6040 5819 4668 3170 2208 1509 2003 2291 2605 2637 2456 1224 2002 3574 6145 9368 10139 6715 3967 2229 1385 2984 3251 3209 2805 2303 1970 2933 4320 5702 6415 5350 4049 2777 1883 1193 2227 2509 2813 2692 2355 1064 1627 2718 4766 8105 10546 8941 5510 3058 1767 2899 3189 3341 3178 2597 1707 2549 3692 5272 6320 6324 4803 3414 2301 1573 2137 2510 2852 2734 2636 1386 2256 3774 6538 10218 10795 7262 4194 2436 1542 3176 3463 3357 2849 2430 2049 3159 4572 6102 6648 5763 4250 2864 1927 1324 2456 2650 2944 2713 2581 1114 1713 2881 4980 8644 11471 9331 5648 3208 1886 3080 3569 3611 3359 2803 
323 417 545 747 974 1458 1970 2818 3774 4639 296 743 2874 43916 14173 13284 6607 3112 1589 1015 612 417 280 188 153 934 1016 892 915 801 398 533 718 927 1299 1822 2627 3428 4412 5000 556 1724 9227 104132 4923 16706 10272 4761 2294 1282 846 587 379 243 219 1074 978 1012 967 921 373 456 624 817 1123 1540 2350 3130 4187 5132 383 969 3649 49990 16737 14749 7271 3619 1859 1078 747 469 333 207 200 1102 1032 1081 978 934 392 567 721 1032 1349 1865 2790 3786 4900 5473 446 1469 8777 111711 4314 17863 10667 5119 2591 1398 868 540 346 248 186 1104 1159 1071 1051 1034 
699 974 1271 1815 2441 3386 4123 4444 4038 3258 2226 3486 5026 6330 6391 4742 10677 17974 11747 5043 2387 1297 765 518 291 1696 1688 1544 1363 1222 845 1066 1517 2151 3052 3891 4711 4550 3936 2997 2937 4414 5963 7082 6076 3427 7497 16219 17154 8038 3587 1778 1106 662 450 1658 1698 1646 1575 1395 747 1029 1414 1967 2821 3684 4447 4869 4502 3623 2419 3731 5551 7232 7039 5171 11929 20165 12727 5709 2739 1499 874 561 395 1775 1768 1664 1593 1339 938 1229 1785 2452 3356 4471 5028 5082 4240 3209 3201 4968 6901 7931 6849 3725 8314 17782 19108 9097 4179 2023 1087 639 420 1872 1945 1996 1758 1552 
1054 2492 8829 38409 16068 3811 1527 701 400 236 1900 1846 1775 1546 1362 972 1288 1714 2277 2877 3363 3368 3219 2649 2131 1982 2824 4013 4968 5003 1978 5160 21202 35810 8192 2761 1205 616 415 239 1958 1941 1641 1429 1241 814 1204 1516 2071 2685 3215 3438 3485 3050 2464 1767 2542 3526 4497 5281 1274 3114 10051 41975 17502 4566 1765 923 525 296 2018 2049 1890 1640 1399 1088 1424 1788 2348 3003 3566 3697 3460 2854 2225 2131 3086 4144 5119 5371 1875 5165 22665 38477 8360 2585 1097 575 333 234 2169 2058 1838 1701 1377 994 1325 1743 2308 2938 3611 3947 3850 3396 2774 1938 2711 3869 4947 5679 
10750 13175 8416 4379 2305 1365 793 498 363 256 1178 1135 1169 1150 997 479 598 832 1169 1642 2496 3351 4609 5107 5091 2856 6599 17346 20109 8261 13646 11447 6506 3155 1887 1070 761 488 326 278 1172 1269 1208 1174 1002 403 582 743 1035 1440 2128 2992 4159 5110 5437 2086 4541 11444 23744 14479 11949 14264 9284 4770 2600 1529 899 653 415 315 1212 1240 1251 1162 1151 487 701 931 1269 1788 2703 3736 4996 5677 5383 3180 7495 19129 22506 9271 14509 12275 6645 3429 1972 1066 721 507 344 240 1260 1264 1248 1221 1096 447 591 783 1144 1566 2293 3140 4436 5508 5736 2180 4588 12256 25065 15182 
482 672 890 1267 1839 2664 3901 5073 5623 5019 2662 5095 9266 12750 9591 9671 13219 9431 5100 2797 1514 911 602 434 291 1314 1370 1340 1221 1177 551 822 1127 1508 2288 3389 4541 5592 5582 4614 3893 7395 12080 12683 7701 7529 12691 12568 7505 3860 2253 1307 855 592 389 1363 1420 1447 1405 1286 578 760 998 1436 2000 2969 4175 5424 5926 5466 2969 5515 10188 13553 10535 10481 14183 10460 5506 2994 1663 1133 696 470 334 1362 1455 1440 1383 1268 629 905 1222 1767 2541 3631 5021 5848 5970 4963 4045 7553 12708 13525 8266 8056 13398 13389 7969 4054 2273 1288 843 560 365 1520 1500 1460 1450 1313 
3003 3658 4151 3865 3271 2438 1836 1361 982 771 1146 1235 1426 1459 1510 259 402 605 1115 2152 5000 13743 23270 10277 3957 8032 7376 4969 3170 1903 3439 3976 3938 3492 2898 2168 1597 1159 908 652 1184 1370 1490 1467 1518 249 362 589 907 1720 3473 8871 22159 17541 6529 7531 8101 6367 4135 2592 3262 3989 4299 4246 3482 2722 2051 1455 1092 836 1112 1456 1460 1621 1625 329 499 779 1271 2547 5726 15581 26029 11396 4413 8962 7997 5601 3493 2067 3664 4275 4322 3929 3248 2334 1682 1251 938 687 1340 1457 1582 1699 1650 212 343 532 927 1663 3544 9389 23608 19292 6735 8459 9023 7043 4442 2616 
445 830 1650 4571 17504 32918 8434 2538 1083 569 2862 2767 2587 2088 1765 1527 2014 2655 3092 3629 3401 2863 2418 1790 1372 1727 2102 2566 2865 2859 722 1381 3040 9663 36188 19337 5270 2135 997 560 3076 2945 2549 2037 1662 1447 1937 2525 3120 3653 3802 3373 2909 2242 1724 1622 2108 2532 2852 3095 578 981 2080 5444 19581 36508 9540 3203 1353 763 3137 3078 2784 2289 1745 1655 2201 2927 3472 3755 3748 3261 2586 2020 1443 1863 2315 2852 3024 3169 666 1265 2992 9768 38760 20513 5214 1998 905 524 3455 3137 2823 2219 1711 1547 2137 2800 3554 4013 4094 3690 3200 2422 1852 1717 2320 2810 3183 3438 
233 343 491 673 1095 1774 3064 5763 10012 11612 6765 17914 19446 7571 3097 5636 5286 4041 2830 1906 1418 961 617 542 368 1040 1027 1103 1133 1099 323 443 664 928 1465 2462 4537 8195 12099 10314 12151 23937 13721 5018 2248 5498 5790 5004 3694 2572 1690 1166 888 645 454 971 1082 1199 1150 1121 305 379 540 785 1244 1959 3419 6459 10916 12638 7546 19794 21691 8643 3590 6057 5762 4573 3155 2138 1465 1101 734 579 421 1126 1264 1267 1193 1266 307 446 623 944 1536 2698 4706 8600 12550 11004 12482 25412 14445 5375 2409 5747 6161 5269 3924 2792 1894 1224 959 650 474 1103 1171 1260 1279 1244 
570 883 1301 2054 3565 6070 8958 9261 6420 3924 4061 5326 5611 4999 3623 3524 5236 6444 6186 4841 3230 2238 1368 981 659 1553 1758 1813 1743 1604 749 1114 1732 2897 4883 7889 9805 8559 5205 3143 4832 5975 5974 4639 3374 3032 4480 6230 6961 6015 4264 2905 1954 1271 917 1506 1778 1911 1839 1852 659 952 1443 2229 3872 6515 9671 10057 7211 4264 4410 5822 6285 5495 4034 3955 5618 6945 6865 5243 3682 2416 1556 1072 742 1761 1975 1964 1914 1776 825 1113 1861 3059 5272 8369 10669 8959 5629 3390 5293 6376 6138 4918 3498 3115 4834 6655 7240 6458 4526 3082 1926 1331 914 1720 1876 2043 2036 1944 
21797 30265 6810 2269 983 482 296 193 113 99 1125 1091 1042 995 930 518 639 802 1069 1513 2029 2578 3094 3472 3328 1173 2334 5728 17059 23644 42494 15589 4242 1701 912 503 318 200 148 109 1156 1135 1052 991 887 474 595 799 1022 1384 1866 2421 3111 3529 3703 934 1868 3943 11059 27513 23871 33344 7663 2670 1204 635 404 246 173 126 1158 1189 1053 1076 972 527 660 870 1186 1630 2112 2663 3453 3696 3572 1353 2582 6463 18851 25655 44280 16012 4220 1514 777 391 272 164 131 89 1279 1265 1172 1068 930 496 640 848 1088 1458 1910 2536 3223 3834 3962 852 1768 3977 11296 29429 
39 47 75 92 176 268 508 1228 3999 29258 75807 9495 1929 725 338 3151 2967 2428 1898 1424 1133 828 636 488 419 803 878 934 974 965 69 77 109 186 308 526 945 2478 10204 69839 34748 4510 1375 636 331 3243 2954 2660 2137 1715 1330 899 783 595 452 791 841 944 948 1038 54 63 93 167 225 392 722 1554 4757 32016 82630 11181 2419 896 478 3402 3094 2522 2071 1499 1217 916 699 577 457 921 899 990 1083 1049 48 74 83 156 230 420 842 2313 10405 77901 37551 4367 1204 535 272 3731 3549 3008 2433 1937 1517 1161 815 673 524 910 982 1050 1107 1105 
22 29 42 63 100 169 392 1033 5007 118199 31060 10243 3294 1358 705 3012 2781 2459 1894 1608 1200 923 676 531 421 823 934 989 1030 1044 37 29 62 102 162 334 819 2574 23923 30415 21692 6192 2451 1206 711 3173 3088 2915 2422 1971 1489 1161 914 699 543 877 944 1076 1109 1141 20 47 52 87 151 254 534 1369 6330 130598 34505 11466 3796 1723 891 3224 3081 2643 2175 1838 1331 983 792 583 489 907 1013 1078 1097 1219 30 41 57 71 137 303 694 2227 23597 30825 22752 6265 2432 1070 633 3480 3438 3167 2512 2195 1628 1201 988 761 597 937 1059 1190 1173 1239 
534 749 966 1442 2228 3244 4702 5993 6306 5127 3363 5696 8893 9695 7152 7058 10098 9403 6144 3604 2071 1332 781 532 402 1437 1462 1442 1392 1252 604 843 1260 1820 2726 4065 5381 6482 5819 4386 4471 7332 9755 8691 5570 5421 8826 10247 7943 4645 2676 1617 997 691 496 1344 1428 1450 1425 1341 517 803 1144 1511 2310 3392 5007 6527 6647 5440 3524 5910 9361 10377 7539 7617 10580 10037 6523 3787 2153 1340 898 630 415 1564 1516 1510 1485 1371 650 980 1317 1922 2966 4352 5877 7058 6260 4748 4719 7986 10900 9488 6088 5990 9416 11476 8734 5051 2860 1653 1112 740 490 1488 1553 1563 1483 1441 
462 804 1599 4175 13896 32361 10894 3368 1430 741 3018 2948 2672 2249 1840 1663 2265 2803 3392 3747 3476 3005 2307 1709 1272 1716 2199 2529 2682 2753 720 1346 2756 7649 26933 22346 6319 2434 1228 645 3097 2925 2648 2008 1653 1494 1904 2567 3255 3637 3849 3278 2761 2046 1533 1504 1974 2348 2672 2826 567 991 1827 4746 15270 35395 12289 3843 1794 876 3077 3210 2880 2458 1880 1816 2355 3017 3579 4015 3609 3164 2441 1833 1429 1945 2304 2632 2947 2937 670 1381 2782 8143 29483 24326 6653 2464 1124 608 3565 3303 2892 2366 1846 1600 2217 2908 3498 4032 4110 3600 2941 2221 1659 1675 2113 2588 2965 3101 
3902 4813 5113 4470 3335 2343 1704 1191 849 614 1131 1182 1318 1314 1368 336 556 803 1339 2284 4400 8435 13078 10491 5813 8290 9766 7487 4439 2586 4659 5404 5210 4223 3009 2102 1448 1108 806 519 1305 1377 1452 1427 1391 332 502 706 1091 1772 3438 6585 12059 13795 8428 7205 10343 9707 6172 3661 4433 5376 5593 4919 3775 2666 1864 1372 931 710 1285 1389 1458 1542 1574 412 608 988 1547 2651 5082 9624 14724 12059 6461 9401 11363 8561 4972 2919 5056 5962 5623 4524 3215 2345 1543 1120 804 621 1385 1441 1580 1656 1524 363 485 731 1194 1930 3578 6927 12831 14660 9241 7745 11212 10482 6820 3978 
1284 2057 3666 6465 9658 9937 6314 3617 2142 1303 2278 2637 2561 2468 2138 1532 2150 3317 4675 5707 5688 4639 3154 2144 1542 2332 2849 2979 2979 2670 1752 2874 5077 8742 11077 9009 5280 2919 1759 1122 2710 2861 2846 2508 2118 1345 1921 2950 4297 5629 6441 5674 4182 2798 1916 2269 2844 3257 3345 2934 1396 2351 4057 7110 10909 10835 7147 4007 2255 1402 2581 2887 3039 2829 2324 1586 2474 3621 5218 6353 6382 5134 3524 2369 1685 2658 3177 3371 3357 2913 1800 3064 5613 9441 12232 9651 5549 3150 1932 1137 2923 3148 3042 2747 2278 1456 2081 3173 4608 6092 7071 6146 4493 3180 2145 2482 3102 3616 3523 3334 
10598 11409 7648 4009 2210 1265 795 564 383 260 1106 1049 1085 1161 1065 436 620 836 1063 1637 2414 3345 4619 5330 5054 2812 7456 20484 19826 7124 12358 10081 5715 3126 1764 1082 711 481 338 265 1105 1219 1150 1087 1012 365 468 750 967 1359 2016 2893 3948 5268 5685 2094 4776 13062 26412 12488 11740 13120 8583 4743 2442 1481 881 630 457 309 1264 1261 1272 1235 1101 490 667 916 1197 1806 2526 3862 5099 6025 5866 3386 8466 23171 22473 8126 13869 11444 6339 3436 1944 1164 746 522 385 270 1311 1339 1281 1188 1100 494 605 864 1072 1558 2289 3291 4662 6006 6252 2163 5063 14486 29457 14061 
202 324 369 588 799 1252 2035 3392 5983 9036 1676 9475 81480 4568 1031 6121 4578 3188 2117 1375 1018 677 518 373 243 932 933 904 940 923 244 352 487 751 989 1745 2762 4606 8046 10395 4215 51174 17035 2567 869 6707 5710 4085 2702 1845 1302 860 648 438 352 913 1010 1034 1023 933 249 352 482 619 880 1423 2290 3879 6699 10257 2163 11595 94056 5953 1481 6889 5355 3622 2387 1694 1172 805 512 394 350 1037 1088 1047 1088 1073 288 358 518 726 1136 1766 2911 5141 8361 10921 3671 52205 16735 2217 746 7027 6032 4443 3071 1950 1267 920 654 463 362 941 1079 1080 1062 1025 
1233 2219 4096 8295 13295 11682 5964 3084 1703 1016 2381 2423 2540 2297 1956 1386 1940 2909 3823 4845 4945 4308 3329 2389 1559 2264 2893 3216 3175 3044 1853 3232 6192 11814 14221 9122 4701 2472 1418 870 2623 2632 2503 2200 1871 1294 1782 2488 3639 4787 5343 4955 4035 2922 2025 2211 2728 3269 3562 3435 1434 2449 4628 9043 14665 12546 7011 3424 1904 1182 2593 2817 2604 2484 2229 1481 2223 3116 4290 5387 5587 4785 3667 2518 1774 2625 3173 3655 3681 3398 1844 3473 6617 12633 15526 9859 4968 2648 1553 919 2888 2947 2756 2476 2033 1397 2012 2869 3893 5169 5951 5549 4414 3230 2188 2395 3068 3680 3838 3806 
2707 3167 3164 2920 2493 1956 1415 1116 882 675 1029 1143 1181 1278 1371 96 134 212 338 645 1641 5400 37263 21211 3717 10582 6955 3928 2205 1363 3246 3452 3359 2873 2336 1813 1283 1062 852 639 1065 1195 1317 1312 1411 101 153 216 329 601 1250 3400 14730 58231 9170 11557 9698 5704 3200 1854 3062 3611 3435 3305 2689 2138 1615 1308 957 723 1073 1177 1307 1427 1457 130 150 304 483 922 2048 6683 42815 24646 4594 11953 7707 4427 2454 1476 3432 3772 3750 3171 2560 2028 1495 1225 921 658 1195 1419 1466 1506 1555 103 125 165 265 561 1183 3216 15449 64007 9407 13030 10606 6220 3413 2083 
92 148 168 266 415 752 1423 3042 8791 25941 25938 31080 5374 1757 763 3882 3445 2776 2080 1557 1152 862 651 519 415 878 985 1002 1071 1041 136 201 278 432 660 1166 2127 5454 16423 29607 54396 13064 3332 1398 696 3996 3797 3238 2465 1846 1449 1023 823 619 461 856 911 1039 1061 1064 120 150 238 363 543 834 1599 3580 9669 28719 28816 35055 6395 2116 945 4147 3897 2994 2343 1737 1266 964 695 548 421 939 1009 1111 1184 1082 118 183 251 420 679 1120 2298 5524 18072 32672 58778 13803 3253 1218 579 4374 4146 3656 2875 2183 1527 1181 883 658 536 1044 1099 1198 1138 1172 
3370 3482 3125 2508 1961 1584 1189 875 692 487 853 998 1049 1077 1138 69 97 145 251 454 867 1925 6702 39636 20267 22891 8909 3363 1552 827 3399 3314 2893 2207 1749 1400 1039 838 586 478 904 970 1051 1092 1140 83 112 173 230 430 714 1507 3884 16270 48571 24973 15554 5626 2483 1226 3701 3734 3374 2796 2196 1656 1277 985 708 549 962 1109 1163 1121 1235 99 136 221 325 561 1066 2409 7881 43893 22972 25362 9895 3804 1820 1033 3756 3684 3122 2593 1952 1481 1097 868 665 492 995 1077 1111 1269 1250 80 125 129 226 333 623 1335 3648 16780 52178 27092 16575 5880 2480 1184 
421 536 850 1167 1968 2846 4582 6262 7060 5916 3915 6919 10655 10306 6370 6775 8481 7389 4822 3029 1792 1144 793 599 383 1243 1332 1327 1249 1199 551 756 1064 1572 2408 3988 5834 7388 7026 5317 5395 9634 11912 8929 5113 5868 8580 8846 6440 4074 2509 1543 1050 709 463 1251 1422 1402 1299 1271 453 668 925 1368 2033 3150 4909 6696 7511 6453 4238 7550 11638 11192 6865 7308 9155 8032 5364 3254 1959 1324 887 624 429 1402 1455 1430 1424 1295 612 849 1177 1731 2714 4265 6238 8054 7943 5833 6083 10463 13085 9853 5530 6373 9349 9885 7238 4443 2723 1743 1155 777 517 1502 1534 1564 1503 1478 
865 1132 1594 2226 2985 3791 4475 4407 3710 2941 2273 3191 4395 5219 5369 3107 7223 16316 17809 8057 3578 1749 1009 602 388 1898 1967 1806 1594 1432 989 1365 1837 2641 3510 4104 4560 4266 3514 2544 2798 3774 5029 5451 5112 2309 4977 11483 20091 13076 5629 2638 1373 790 560 1909 1978 1907 1777 1553 881 1220 1696 2296 3229 4071 4639 4671 3897 3059 2332 3306 4544 5631 5573 3439 7863 17244 19065 8704 3764 1936 1062 686 451 2091 1959 1866 1740 1484 1155 1467 2061 2820 3643 4655 4788 4521 3693 2650 2830 4001 5226 5912 5514 2405 5037 12004 21734 13827 5780 2699 1365 811 531 2047 2059 1979 1804 1681 
7793 7160 5140 3306 1976 1316 912 616 470 306 1005 1004 1042 994 1021 326 414 615 836 1305 2022 3181 5111 7040 7420 4171 17202 36305 8493 2598 8295 6588 4371 2653 1762 1129 784 517 398 268 978 1084 1148 1031 981 344 386 540 775 1117 1701 2599 4345 6520 8169 2891 8920 37525 19688 4974 8321 7837 5556 3563 2230 1402 983 653 492 371 1019 1138 1136 1121 1118 382 466 688 940 1447 2227 3534 5589 7696 8299 4962 19320 40611 9753 3076 8830 7139 4661 2924 1793 1199 837 584 411 333 1139 1180 1183 1133 1119 294 443 584 861 1262 1818 2914 4741 7019 8668 2753 9005 39435 20821 4991 
112 176 352 744 2195 14984 51160 4236 1163 470 3934 3549 3015 2387 1710 1955 2418 2897 3061 3004 2641 2258 1732 1353 1028 1387 1702 1865 2120 2203 193 330 644 1657 5925 72705 13871 2555 960 451 4083 3513 2772 2125 1534 1757 2239 2728 3123 3309 2989 2590 2036 1607 1224 1277 1644 1853 2094 2368 167 255 469 1018 2990 18025 59247 5419 1550 624 4477 4065 3441 2489 1897 2183 2772 3057 3375 3316 2989 2383 1873 1463 1139 1528 1740 2149 2346 2429 159 260 560 1434 5693 76347 13562 2246 822 336 4485 4020 3069 2266 1742 1899 2425 3037 3389 3618 3326 2847 2177 1705 1301 1446 1838 2114 2308 2483 
1198 1681 2143 2868 3539 3794 3701 3310 2569 1969 1710 2351 2787 3368 3602 1069 2275 5622 19066 27831 8559 3046 1324 727 420 2637 2494 2267 1813 1524 1411 1886 2523 3143 3741 3989 3554 3004 2326 1752 2102 2747 3257 3696 3508 882 1656 3755 10901 31007 16917 5344 2112 1073 650 2627 2588 2377 2179 1713 1241 1544 2152 2961 3581 3947 3926 3292 2625 2054 1794 2370 2980 3556 3562 1191 2485 6149 19935 29164 9361 3238 1604 797 510 2646 2572 2277 1895 1565 1538 2141 2814 3521 4170 4338 3967 3309 2600 1864 2299 2918 3598 3990 4034 863 1640 3803 11349 33812 18355 5613 2146 1104 602 2874 2819 2661 2260 1919 
4430 8437 12929 10688 5936 3065 1770 1047 680 449 1497 1538 1533 1421 1429 721 975 1389 1986 2887 4040 5058 5338 4649 3613 3514 5657 7828 7841 5890 6482 11505 12994 8289 4313 2296 1360 850 609 410 1544 1617 1521 1409 1281 615 865 1188 1686 2420 3453 4618 5512 5284 4336 2825 4627 6920 8430 7206 4802 9137 13548 11239 6298 3155 1816 1087 677 479 1579 1620 1587 1593 1389 732 1067 1554 2107 3038 4159 5458 5714 4945 3769 3701 5734 8264 8371 6012 6789 12192 14065 8871 4623 2473 1436 897 596 426 1630 1757 1663 1623 1446 633 921 1237 1774 2615 3681 5242 5936 5595 4590 3078 4805 7421 8954 7754 
2526 3382 4472 4809 4647 3504 2615 1794 1302 922 1400 1664 1837 1875 1850 535 835 1447 2597 5203 10855 15641 10150 4996 2451 5203 5459 4662 3338 2386 3250 4274 5011 5215 4342 3206 2344 1734 1179 863 1664 1840 1942 1986 1969 508 781 1232 2038 3938 8309 15401 14786 7622 3760 5115 5739 5498 4309 3042 2921 3958 4962 5461 5039 4029 2955 2088 1523 1104 1562 1802 1969 2016 2094 619 1040 1687 2994 5973 12131 17795 11643 5487 2844 5899 6021 5090 3857 2613 3542 4583 5639 5625 4679 3501 2567 1797 1305 917 1731 1964 2189 2077 2112 495 791 1231 2177 4257 8820 16477 15874 8064 3970 5385 6163 5852 4614 3332 
3678 3481 2822 2310 1755 1294 980 745 609 447 825 953 958 988 1049 68 113 144 227 366 607 1311 3157 12772 47127 55339 5903 1571 606 373 3452 3106 2581 1974 1529 1109 946 651 487 381 920 977 989 1044 1017 95 101 169 215 341 540 1023 2180 6457 30558 55948 17243 3363 1231 583 3676 3401 2988 2434 1776 1437 1022 825 634 443 865 930 929 1080 1038 95 138 201 301 434 788 1506 3807 13897 49949 59886 6721 1993 817 494 4042 3479 2878 2207 1692 1237 962 709 564 449 928 1044 1130 1146 1109 69 83 122 169 301 471 919 2114 6517 32872 61573 17878 3094 1038 463 
157 231 434 874 2329 9158 59591 12417 2720 994 4827 4610 3628 2777 2011 2308 2851 3250 3338 3300 2642 2156 1679 1309 1016 1443 1698 1953 2141 2128 277 397 715 1690 4777 26312 37611 5857 1835 885 4778 4219 3219 2301 1661 2066 2532 3053 3390 3378 2925 2419 1984 1507 1105 1302 1541 1783 2046 2094 210 342 531 1061 2748 10197 62499 13691 3198 1243 4941 4768 3756 2775 2017 2275 2828 3396 3559 3407 2832 2239 1721 1280 1043 1485 1777 1925 2155 2210 195 407 629 1477 4585 27343 39326 5676 1779 727 5135 4627 3383 2441 1796 2159 2775 3307 3629 3619 3258 2601 2052 1531 1277 1370 1639 1982 2106 2350 
2228 10810 68297 7621 1803 674 335 199 138 81 1390 1386 1328 1153 1062 678 927 1209 1573 2046 2628 3046 3202 3085 2649 1744 2898 4803 7559 9530 5090 38240 25141 4024 1356 648 321 173 124 82 1505 1422 1329 1170 1001 676 848 1103 1320 1822 2343 2906 3273 3343 2947 1403 2315 3916 6421 9315 2741 12444 74642 8899 2336 958 446 267 170 124 1514 1502 1423 1342 1186 813 979 1302 1689 2218 2805 3088 3393 3315 2904 1861 3107 5281 8247 9997 4873 40502 26964 3771 1171 511 303 133 122 73 1595 1528 1456 1264 1155 688 918 1223 1622 2158 2767 3242 3580 3638 3347 1565 2484 4304 6984 10208 
1398 1854 2254 2694 3017 3028 2732 2290 1752 1466 1363 1734 2037 2426 2674 143 285 613 2116 21171 27226 2292 664 273 137 3065 2752 2284 1807 1398 1695 2138 2627 3082 3112 2995 2626 2195 1639 1289 1549 1946 2324 2629 2814 118 236 495 1351 6201 127609 7144 1403 538 263 3318 3104 2670 2193 1713 1668 2089 2505 2945 3212 3230 2855 2407 2024 1577 1425 1804 2307 2728 2988 195 384 802 2804 24838 30982 2958 845 374 183 3433 3102 2530 1999 1549 1893 2345 2939 3304 3563 3430 2951 2332 1767 1418 1729 2176 2599 2974 3183 128 198 483 1210 5858 138156 6812 1240 492 184 3686 3500 2927 2363 1781 
1118 2218 6002 22382 25983 7235 2482 1123 576 374 2194 2097 2074 1748 1462 1129 1504 2214 2697 3314 3732 3689 3345 2518 1933 2147 2942 3627 4316 4284 1745 4001 12363 34996 14576 4512 1843 996 566 387 2199 2065 1994 1616 1436 1012 1423 1822 2432 3106 3686 3948 3502 2928 2239 1816 2468 3419 4131 4654 1297 2647 7182 25490 29615 8172 2993 1403 793 461 2383 2299 2201 1940 1636 1257 1706 2316 2932 3520 4024 4142 3585 2920 2199 2324 3249 4262 4764 4843 1684 4070 13385 38274 15725 4714 1909 893 554 332 2478 2437 2159 1891 1599 1087 1500 2097 2723 3468 4067 4266 4047 3370 2604 2069 2817 3772 4645 5119 
2013 2683 3235 3740 3653 3234 2664 1938 1457 1044 1261 1617 1802 1923 2117 329 563 1095 2324 5924 20463 25190 7782 2809 1293 4637 4232 3467 2514 1836 2379 3013 3567 3711 3544 2913 2180 1708 1241 909 1495 1718 1877 2046 2079 314 517 849 1674 3927 11219 30534 14706 4650 2014 4563 4550 3994 3000 2184 2296 2860 3552 3865 3866 3428 2658 2077 1537 1186 1401 1718 1930 2022 2139 436 766 1338 2586 6805 22334 26927 8268 3124 1437 4944 4602 3726 2753 1917 2618 3491 3974 4300 3792 3296 2468 1855 1364 1042 1539 1965 2102 2257 2330 301 493 827 1674 4099 12552 33569 15949 4978 1970 5113 5009 4355 3301 2430 
1675 2704 4419 7499 9473 8415 5318 3073 1786 1151 2219 2437 2445 2323 2101 1337 1939 2958 4387 5906 6520 5460 3929 2629 1747 2841 3436 3592 3454 2954 2123 3577 6021 9072 9633 6957 4011 2527 1475 951 2437 2467 2478 2265 1965 1194 1681 2366 3672 5394 6591 6405 5009 3275 2186 2483 3220 3534 3615 3360 1714 2911 4856 8244 10647 9107 5673 3268 2095 1254 2377 2528 2748 2489 2251 1428 2081 3119 4801 6417 7159 6137 4231 2882 1931 3033 3695 3815 3757 3111 2334 3819 6602 9999 10757 7477 4521 2628 1614 1016 2598 2795 2683 2550 2295 1226 1802 2756 4057 5888 7256 6872 5373 3725 2379 2830 3452 4026 4110 3658 
53759 12498 1702 530 245 120 83 56 46 25 996 1009 983 900 822 496 627 860 1018 1339 1651 2133 2528 2971 3035 531 1147 2761 9627 39487 86550 4768 1184 468 242 133 90 44 42 16 1067 1056 965 929 820 467 556 754 919 1235 1566 2066 2636 2995 3220 562 1046 2136 5699 23500 62705 15457 2312 788 362 198 95 62 46 35 1174 1122 1054 1007 917 533 720 833 1149 1425 1928 2338 2983 3314 3306 753 1491 3308 11285 45454 91004 4398 1035 432 193 114 65 58 33 27 1165 1144 1183 1009 933 495 600 804 1031 1323 1779 2257 2831 3231 3419 473 949 1886 5689 24856 
524 686 981 1359 1857 2754 3835 4884 5126 4516 2670 4721 7961 10710 8864 8534 12945 10491 5695 2973 1606 1005 608 422 283 1278 1314 1356 1354 1139 625 904 1164 1728 2422 3490 4622 5407 5262 4121 3565 6549 10389 11044 7460 6604 12030 13660 8351 4301 2357 1346 898 573 378 1372 1418 1456 1425 1280 556 759 1056 1469 2072 2976 4123 5222 5641 5020 2806 5018 8849 11689 9755 9476 14233 11576 6240 3376 1850 1146 666 437 366 1418 1533 1503 1397 1253 632 958 1322 1834 2683 3726 5137 5863 5652 4539 3881 7005 11169 11853 8043 7095 12710 14545 9073 4634 2400 1473 859 578 432 1469 1504 1556 1473 1332 
2977 3828 4173 3875 3183 2583 1917 1340 992 768 1103 1314 1479 1514 1500 257 410 652 1137 2157 5104 14196 23545 10890 4125 8431 7621 5206 3129 1979 3545 4069 4134 3693 2953 2312 1647 1215 878 645 1247 1492 1459 1658 1579 254 395 571 948 1768 3657 8914 22343 18484 6865 8150 8584 6860 4267 2683 3262 3989 4474 4203 3552 2652 1988 1436 1074 861 1250 1415 1486 1604 1589 350 505 747 1361 2557 5715 15519 25424 11887 4653 9100 8119 5769 3471 2069 3905 4421 4518 4144 3145 2425 1781 1290 1003 693 1446 1519 1628 1696 1617 254 350 545 905 1720 3747 9349 24085 19705 7255 8544 9304 7160 4528 2809 
458 685 880 1318 1833 2630 3692 4702 5159 4729 2586 4734 8867 12147 9431 9630 12880 9268 5001 2545 1486 937 565 391 273 1334 1270 1323 1199 1126 607 769 1116 1580 2207 3271 4392 5311 5318 4533 3558 6976 11390 12009 7620 7259 12385 12173 7201 3887 2137 1228 756 518 397 1342 1343 1327 1292 1170 529 730 995 1318 1961 2796 3888 5102 5602 5274 2793 5306 9586 13467 10207 10263 13796 9941 5470 2921 1622 994 707 443 328 1423 1337 1456 1277 1214 620 816 1198 1744 2544 3566 4973 6083 6054 4930 4010 7601 12832 13379 8288 8224 13587 13716 8030 4088 2253 1365 802 565 411 1437 1502 1480 1402 1378 
4051 4691 4604 3938 2833 2070 1514 1029 700 575 1060 1118 1228 1256 1304 288 402 642 937 1669 3252 6635 13050 14178 8023 11040 12722 7965 4068 2219 4744 5036 4564 3576 2497 1767 1346 906 665 493 1150 1189 1406 1331 1268 296 371 532 861 1445 2437 4893 9867 15904 11759 9034 13832 11261 6032 3171 4530 5161 4968 4237 3159 2233 1548 1127 778 618 1090 1198 1297 1438 1388 332 461 662 1162 1955 3603 7304 14411 15781 8704 12217 13932 8756 4488 2512 5252 5628 4888 3936 2804 2052 1390 964 767 554 1321 1373 1421 1462 1431 269 391 611 887 1502 2685 5256 10987 17535 13008 9798 15014 12368 6676 3465 
564 798 1039 1546 2153 2983 4013 4687 4786 4133 2398 4129 6726 9182 8489 7827 14603 13960 7160 3360 1763 973 629 418 283 1437 1420 1393 1308 1183 659 960 1355 1857 2615 3511 4481 4983 4570 3579 3185 5428 8167 9581 7337 5532 11578 16202 10796 5120 2610 1368 843 553 416 1447 1499 1492 1343 1270 629 831 1123 1671 2279 3188 4193 4905 5089 4239 2529 4374 7222 9594 9018 8177 15562 14650 7684 3626 1960 1155 701 505 341 1526 1548 1560 1352 1266 829 1071 1447 2143 2932 4000 5087 5622 5230 4126 3539 6147 9324 10766 8343 6043 12810 18408 11873 5660 2815 1584 937 612 359 1725 1727 1680 1576 1478 
6220 6994 5728 3919 2427 1614 1102 773 521 398 1035 1090 1146 1110 1107 326 483 656 1007 1512 2416 4145 6648 8493 7325 6849 16790 18061 7726 3141 7429 7053 5335 3426 2197 1521 997 657 557 375 1231 1214 1213 1158 1168 335 429 630 927 1430 2209 3603 5765 8511 8850 4839 12027 22696 13533 5469 7162 7885 6332 4448 2904 1889 1297 939 677 482 1173 1183 1218 1206 1255 358 590 834 1189 1777 2953 4724 7559 9386 8445 7786 18978 20379 8804 3787 7954 7682 5709 3684 2410 1589 1103 750 560 421 1279 1246 1364 1289 1312 351 513 703 994 1475 2349 3906 6284 9012 9631 5080 12731 24499 14378 5666 
