4338 4807 4745 3900 2945 2029 1469 1074 780 621 1069 1247 1273 1255 1365 280 425 632 980 1723 3174 6721 13649 15509 8694 12152 13451 8257 4126 2214 4539 4863 4381 3472 2444 1737 1315 860 695 520 1225 1240 1332 1289 1310 282 321 517 783 1349 2409 4748 9871 16589 12336 9455 13971 11159 5919 3020 4357 5016 4829 4013 3101 2165 1517 1068 783 600 1125 1260 1321 1350 1403 322 490 705 1105 1827 3391 7193 14145 16475 8921 12875 14040 8568 4250 2292 5099 5516 4838 3785 2839 1942 1400 1016 771 577 1231 1398 1484 1441 1470 275 399 573 866 1330 2588 5218 11128 18109 13463 10302 15428 12470 6316 3319 
1548 2454 3842 5932 7685 7195 5048 3247 2095 1360 2042 2445 2470 2505 2240 1281 2058 3280 5010 7204 7539 5881 3811 2439 1542 2798 3230 3262 3042 2572 2037 3311 5033 7382 8169 6569 4277 2760 1719 1117 2445 2568 2733 2458 2257 1184 1761 2733 4392 6631 8194 7467 5093 3245 2015 2633 3256 3490 3518 3031 1629 2653 4181 6328 8072 7860 5572 3529 2258 1423 2263 2571 2685 2750 2408 1418 2234 3434 5408 7718 8200 6394 4171 2596 1670 3015 3512 3540 3199 2647 2166 3331 5401 7832 8830 6914 4581 3003 1845 1248 2644 2896 2813 2842 2311 1246 1882 2880 4664 6899 8703 7975 5567 3491 2120 2932 3504 3746 3635 3276 
169 273 445 996 2855 14419 49726 6748 1873 723 3991 3827 3034 2364 1711 1926 2410 2910 3154 3028 2601 2070 1692 1270 937 1281 1581 1834 2038 2008 281 480 917 1967 6800 46629 19836 3995 1396 688 4249 3721 2951 2261 1608 1829 2394 2976 3359 3333 3090 2593 1983 1591 1210 1319 1580 1908 2091 2199 200 352 645 1341 3632 17509 59366 8500 2397 1022 4695 4324 3683 2756 2039 2177 2819 3360 3600 3530 3110 2467 1914 1458 1116 1554 1871 2150 2292 2386 224 405 821 1870 6581 48698 20415 3761 1241 571 4521 4038 3158 2350 1746 1981 2590 3214 3423 3606 3313 2764 2192 1730 1283 1402 1708 1964 2214 2509 
570 754 959 1380 1625 2326 2840 3305 3295 3273 1395 2304 4175 7272 10644 8209 43824 15230 3484 1325 614 340 217 149 92 1306 1308 1233 1112 966 697 898 1181 1609 2065 2667 3307 3574 3484 3080 1958 3436 5843 9680 11292 4785 21771 40224 7680 2443 1065 609 344 232 132 1441 1430 1398 1277 1100 632 856 1090 1488 1913 2455 3130 3473 3660 3344 1516 2678 4561 8052 11618 9704 48402 17564 4141 1640 787 456 273 178 115 1438 1424 1345 1200 1058 804 1030 1342 1755 2397 3052 3521 4033 3920 3369 2158 3712 6775 10807 12523 4841 22987 44184 8293 2322 962 476 284 202 131 1597 1669 1477 1355 1261 
709 1023 1504 2321 3612 5157 6557 6465 5076 3307 3120 4453 5109 5265 4326 3564 5959 8344 8331 6173 3822 2317 1354 921 632 1694 1914 1840 1680 1546 939 1296 1893 2925 4509 6254 6917 6017 4324 2758 3846 4928 5480 4956 3838 2822 4740 7379 9531 7704 5088 3045 1799 1231 780 1744 1880 1913 1813 1686 822 1045 1755 2423 3851 5567 7300 7197 5536 3648 3338 4692 5684 5798 4697 3886 6527 9328 9333 6640 4142 2439 1529 1037 683 1871 2027 1962 1883 1734 982 1480 2136 3345 5042 6880 7780 6949 4964 3122 4291 5736 6192 5729 4245 3161 5320 8301 10541 8740 5592 3360 2058 1299 877 1918 2169 2202 2054 1932 
6521 8142 7193 4786 2955 1787 1184 797 534 397 1098 1200 1196 1210 1170 450 603 818 1216 1822 2916 4613 6385 7149 5942 5550 11666 15656 9414 4186 8148 8456 6432 4105 2484 1647 1027 792 508 382 1218 1302 1292 1239 1104 452 510 745 1053 1645 2522 3980 5882 7605 7268 4099 9083 16652 14413 6994 7353 8647 7830 5234 3294 2027 1261 907 636 453 1189 1339 1295 1315 1208 457 633 876 1346 2113 3149 4952 7142 7968 6671 6085 13028 17596 10560 4820 8511 8882 6529 4278 2627 1618 1064 737 523 402 1311 1360 1326 1297 1201 397 533 739 1049 1710 2685 4064 6231 7948 7736 4281 9252 16992 15062 7171 
483 602 887 1263 1650 2301 3211 4147 4684 4479 2005 3888 8052 14623 13258 13694 16016 8592 4125 1869 1048 714 397 308 191 1245 1274 1263 1102 1009 549 773 1008 1339 1975 2843 3614 4426 4741 4229 2788 5732 11660 15830 10359 9841 16837 12777 6011 2972 1575 915 587 395 309 1168 1299 1226 1176 1125 478 667 937 1227 1727 2411 3508 4407 5069 4753 2137 4233 8628 15855 14702 14611 17514 9173 4370 2284 1250 783 531 348 256 1379 1310 1305 1238 1123 620 812 1104 1518 2112 3015 3985 5060 5146 4662 2960 6077 12628 17197 10907 10481 18558 13734 6502 3083 1627 929 628 390 287 1392 1414 1350 1328 1247 
442 677 1050 1764 3469 7179 13643 13914 7435 3487 4764 5513 5158 4010 2877 3067 4065 4679 4744 4005 2997 2142 1603 1152 756 1486 1661 1797 1828 1765 562 875 1517 2822 5272 11078 16212 11406 5598 2614 5596 5914 4908 3644 2519 2746 3716 4795 5156 4707 3687 2660 1882 1316 991 1527 1588 1886 1916 1979 499 793 1131 2027 3760 7922 15039 15167 8224 3886 5270 5898 5673 4376 3179 3380 4215 5208 5331 4285 3207 2301 1570 1158 832 1559 1808 1983 1939 1829 589 973 1531 2854 5577 11744 17550 12223 5823 2885 5948 6268 5322 4074 2677 2974 4130 5091 5684 5087 3966 2972 2151 1447 971 1645 1833 2013 2092 2062 
2055 3263 5934 8766 9277 6619 3972 2229 1297 857 1806 2062 2171 2009 1871 1031 1484 2408 3509 5006 6315 6074 4675 3192 2071 3077 3935 4420 3881 3306 2766 4880 7876 10296 8762 5457 3225 2012 1192 817 2113 2176 2197 2104 1884 1001 1375 1992 3129 4512 6128 6776 5894 4073 2785 2907 3767 4326 4388 3993 2303 3685 6379 9751 10041 7043 4216 2483 1575 966 2086 2257 2267 2187 1886 1130 1681 2507 3899 5473 6733 6583 5094 3571 2230 3429 4193 4487 4354 3604 3006 5385 8720 11375 9744 6146 3487 2129 1291 827 2399 2396 2411 2287 2025 1055 1485 2269 3510 5073 6979 7555 6371 4614 3050 3196 4173 4882 4966 4338 
5172 6819 7216 5764 3725 2433 1563 1062 736 509 1226 1267 1367 1345 1356 498 727 967 1500 2336 3913 6126 8064 7896 5467 6178 9901 10682 7202 4041 6246 7699 6996 4932 3153 2087 1275 831 670 465 1364 1363 1488 1411 1309 424 609 875 1298 1984 3212 5217 7669 8829 7022 4782 8381 11728 9741 5667 5658 7717 8034 6275 4191 2764 1750 1173 774 601 1342 1523 1478 1506 1360 518 782 1096 1751 2622 4391 6903 9447 8613 6002 6953 10947 11940 7944 4534 6948 8296 7629 5449 3348 2168 1428 1025 686 523 1410 1537 1525 1506 1376 488 568 867 1315 2057 3517 5597 8389 9385 7670 5159 9258 12565 10370 6037 
6826 17665 20454 8070 3217 1596 844 541 334 239 1346 1386 1317 1266 1077 603 842 1167 1589 2136 2936 3715 4209 4033 3514 2382 4451 7821 11620 9921 11368 23564 13872 5270 2390 1223 727 456 332 221 1369 1319 1335 1254 1080 518 720 978 1444 1875 2521 3188 3944 4186 3893 1888 3290 6176 9981 11247 7390 19042 22407 8958 3642 1792 1019 566 390 279 1375 1388 1335 1351 1170 644 942 1222 1688 2244 3060 3899 4427 4362 3753 2652 4784 8389 12056 10768 12499 25674 15144 5766 2492 1237 674 461 314 213 1473 1504 1470 1302 1182 595 812 1085 1563 2050 2792 3723 4458 4815 4421 2076 3653 6639 11358 12785 
905 1491 2666 5437 10265 14124 9494 4769 2487 1392 2783 3058 3033 2684 2221 1689 2618 3523 4513 5025 4656 3676 2759 1855 1373 2102 2468 2842 2704 2559 1293 2230 4131 8080 13925 13311 7364 3659 1951 1192 3123 3307 3040 2622 2050 1651 2269 3315 4383 5251 5279 4413 3374 2400 1665 2007 2392 2714 2935 2871 1052 1830 3104 6132 11946 15801 10817 5499 2815 1577 3182 3557 3402 3124 2450 2002 2819 3884 5095 5741 5397 4266 2979 2205 1511 2424 2884 3117 3223 2901 1331 2253 4286 8776 14762 13888 7602 3886 2099 1221 3370 3523 3257 2733 2225 1637 2403 3450 4637 5477 5706 4806 3735 2551 1844 2125 2602 2938 3145 2990 
1326 2261 4027 7235 11214 10386 6272 3679 1944 1227 2396 2595 2680 2519 2124 1542 2193 3200 4300 5455 5643 4715 3376 2246 1626 2475 2986 3334 3278 2862 1795 3113 5716 10037 12354 8992 5048 2877 1616 1046 2676 2791 2765 2472 1959 1271 1818 2758 3991 5365 6053 5529 4184 3101 2040 2279 2889 3342 3421 3266 1422 2507 4386 7890 12111 11615 7018 3837 2148 1368 2685 2838 2886 2707 2315 1660 2360 3530 4745 5911 6148 5076 3720 2641 1715 2632 3292 3528 3617 3077 1944 3371 6051 10571 13359 9675 5413 2947 1706 1017 2978 3061 3004 2583 2206 1433 2028 3016 4327 5658 6624 5976 4499 3250 2151 2509 3093 3554 3756 3596 
493 699 883 1295 1806 2531 3476 4353 4808 4597 2275 4315 8156 12501 11161 10960 15296 9909 4950 2408 1334 792 493 371 260 1300 1286 1272 1241 1056 594 745 1100 1548 2278 3093 4208 4886 4956 4198 3258 6004 11018 13196 8617 8034 14299 13852 7289 3495 1901 1125 654 470 323 1338 1291 1335 1289 1217 533 739 964 1351 1965 2806 3729 4768 5403 4895 2565 4490 8940 13641 11879 11743 16653 10830 5322 2741 1521 859 586 424 302 1354 1366 1379 1330 1252 628 861 1172 1699 2424 3374 4460 5438 5565 4743 3497 6633 12041 14465 9714 8820 15768 15113 7915 3989 2014 1158 729 480 346 1428 1501 1486 1416 1284 
286 429 528 685 1025 1431 2223 3338 4521 5644 672 1896 10923 74068 4966 10050 6421 3691 2024 1263 780 574 391 290 201 1014 1004 964 954 981 374 478 647 873 1300 1889 2783 4025 5380 6133 1377 4819 53721 17801 2794 11556 8553 4981 2827 1600 1039 699 484 333 267 949 989 964 955 998 342 449 582 793 1162 1590 2459 3538 5016 6278 872 2411 13139 82076 6355 11100 6951 3919 2177 1333 875 627 430 330 241 1083 1068 1072 1062 996 367 500 695 979 1394 2047 2987 4414 5776 6636 1114 4305 55460 17813 2413 12310 9219 5346 3037 1768 1105 742 501 345 297 1019 1117 1072 1100 1027 
132 205 329 464 757 1277 2526 5655 13823 18714 13383 22656 10371 3993 1780 4161 3982 3345 2490 1849 1318 927 722 538 393 986 1038 1094 1081 1080 203 308 429 666 1154 1937 4048 9479 20119 15101 21613 18339 6748 2898 1459 4232 4290 3841 3063 2251 1704 1237 895 692 547 951 1036 1074 1186 1131 206 237 389 577 850 1461 2899 6441 15418 20920 14906 25163 11937 4384 2019 4593 4457 3664 2737 2086 1468 1079 832 598 471 1113 1105 1194 1259 1180 209 288 396 668 1020 2024 4185 10144 21245 16310 23246 19480 7194 2864 1392 4527 4764 4143 3322 2408 1807 1330 968 707 527 1003 1131 1248 1294 1251 
4280 4168 3780 2950 2113 1609 1154 841 594 456 958 965 1031 1049 1049 148 241 364 551 971 1696 3389 8179 17776 15753 23664 19637 6251 2361 1074 4470 4265 3433 2551 1914 1409 985 699 582 466 983 1115 1179 1150 1166 180 301 391 512 835 1389 2609 5554 13273 20731 14782 29328 11711 4193 1871 4757 4717 4098 3210 2434 1794 1269 974 664 522 1008 1084 1177 1173 1179 225 297 442 661 1125 1981 3996 9124 20131 18337 26700 22382 7210 2982 1429 4887 4575 3711 2861 2101 1492 1065 785 609 473 1108 1168 1238 1283 1224 190 239 296 511 816 1466 2669 5745 14077 22388 16002 31388 12742 4237 1911 
3217 4921 6700 7661 6014 3933 2473 1628 1029 715 1482 1667 1801 1744 1622 684 1038 1588 2540 4137 6440 8014 7364 5243 3299 4500 5883 6169 5067 3615 4082 6036 7367 6752 4965 3189 2045 1269 848 603 1608 1735 1652 1704 1431 602 873 1283 1978 3213 5078 7278 8081 6294 4047 3737 5286 6225 5712 4338 3290 5383 7423 7947 6318 4233 2674 1757 1096 756 1612 1800 1809 1834 1687 760 1112 1703 2693 4390 6783 8841 7950 5608 3403 4871 6323 6631 5490 3888 4574 6895 8724 7918 5689 3685 2282 1491 1006 680 1806 1967 1999 1882 1766 711 990 1378 2278 3618 5878 8627 9387 7284 4803 4400 6132 7173 6612 4965 
1625 2148 2755 3314 3751 3524 3157 2473 1871 1474 1518 1868 2305 2482 2581 498 929 1974 5150 18483 30062 8727 2959 1247 692 3493 3237 2759 2179 1659 1892 2578 3166 3648 3756 3429 2898 2252 1609 1258 1774 2130 2452 2558 2784 496 824 1510 3503 10190 32796 18073 5220 2074 1090 3513 3478 3185 2521 1947 1665 2236 3024 3633 3925 3877 3351 2636 2000 1460 1593 1944 2377 2665 2755 660 1173 2379 5707 20091 32226 9504 3301 1528 798 3711 3420 2936 2213 1729 1939 2607 3323 3947 4085 3726 2961 2373 1763 1371 1845 2260 2603 2773 2775 438 717 1431 3319 10058 34195 18351 5282 2010 933 3742 3671 3360 2666 2045 
546 723 1164 1906 3287 6026 9813 11000 7302 4155 4361 5797 5888 4788 3512 3549 4926 5954 5541 4467 3005 2105 1311 994 688 1520 1701 1685 1771 1774 650 1002 1535 2571 4664 8253 11439 9722 5752 3163 5407 6152 5669 4292 3019 3093 4234 5723 6124 5231 3903 2626 1838 1265 849 1527 1580 1757 1783 1709 605 839 1294 2099 3642 6775 10831 12003 8171 4633 4835 6359 6476 5405 3784 3986 5403 6412 6111 4761 3385 2251 1520 1047 759 1653 1827 1969 1961 1809 689 1119 1699 2786 5115 8947 12691 10908 6329 3562 5944 6966 6300 4797 3328 3353 4826 6210 6595 5788 4186 2840 2019 1331 950 1558 1915 2025 2008 2000 
7996 7028 4881 3010 1927 1267 866 568 406 308 938 1041 980 1004 994 331 390 605 852 1246 1941 2921 4754 7025 8116 3344 17324 49861 6543 1815 8051 6299 4125 2604 1713 1056 749 516 421 303 1045 1077 1067 1032 991 329 378 562 695 1120 1653 2651 4033 6112 8471 2130 7642 53462 18656 3967 8732 7776 5417 3337 2105 1348 953 668 506 322 1017 1097 1115 1164 1111 351 478 641 917 1350 2133 3310 5230 7557 8780 3923 19736 55107 8053 2442 8952 6855 4309 2767 1835 1113 768 613 441 301 1125 1172 1145 1172 1100 302 423 570 808 1157 1758 2814 4369 6856 8980 2023 7581 56842 19199 3668 
350 495 706 1058 1618 2803 4820 7812 9912 8067 5647 10098 12279 8369 4406 5636 6290 5544 4004 2805 1765 1198 884 604 457 1230 1305 1313 1285 1231 474 562 917 1422 2284 3934 6519 9900 9782 6767 8102 12582 11255 6480 3461 5025 6363 6341 4999 3491 2328 1590 1119 757 570 1253 1289 1395 1358 1282 406 541 755 1146 1842 2933 5085 8472 10664 8481 6144 10679 12846 9046 4806 5860 6751 5865 4335 2874 1944 1230 880 718 463 1283 1337 1333 1336 1292 482 628 999 1532 2501 4197 7290 10873 10916 7394 8947 13809 12305 7005 3898 5733 7121 7007 5590 3846 2450 1739 1117 837 630 1364 1440 1521 1520 1454 
428 591 802 1180 1584 2300 3222 4135 4955 4599 2113 4197 8725 14595 11971 12227 14083 8221 4067 2005 1249 759 460 319 224 1202 1285 1172 1087 1087 521 653 1013 1428 1961 2707 3783 4669 4955 4412 3044 6188 12326 15015 8973 9071 14740 11695 5894 2983 1599 999 638 439 295 1226 1271 1293 1108 1111 525 654 948 1354 1846 2578 3724 4753 5545 5368 2456 4747 9884 16517 13599 13768 15749 9450 4648 2455 1404 870 550 388 297 1308 1386 1311 1239 1205 579 762 1193 1598 2129 3100 4307 5256 5724 4990 3388 6932 14126 17152 10056 10454 16793 13310 6732 3358 1827 1054 691 462 329 1291 1406 1400 1422 1342 
1545 2103 2561 3191 3347 3321 2853 2266 1743 1251 1362 1699 2021 2279 2405 339 615 1263 3651 15412 43281 8767 2393 971 517 3474 3110 2614 2076 1585 1925 2459 3032 3488 3402 3301 2686 2040 1571 1161 1668 2011 2317 2411 2721 329 575 1127 2441 7653 37929 21907 4857 1804 884 3565 3652 3115 2341 1942 1717 2236 2824 3518 3543 3534 3046 2453 1991 1480 1432 1832 2261 2429 2600 436 780 1630 4173 16875 48123 9964 2953 1260 639 3813 3494 2834 2192 1640 2071 2609 3290 3624 3835 3527 2880 2269 1699 1329 1754 2104 2497 2694 2762 305 547 984 2266 7725 40888 23301 4849 1702 748 3911 3762 3356 2627 2086 
542 872 1691 3616 9996 24401 15341 5607 2316 1158 3404 3505 3211 2652 1999 1911 2544 3263 3933 4148 3692 2952 2249 1670 1211 1710 2162 2570 2569 2484 781 1302 2648 6179 17210 24080 9573 3777 1734 982 3538 3389 2931 2435 1821 1684 2240 2978 3608 4035 3958 3442 2697 2002 1406 1588 1932 2379 2567 2565 612 1097 1956 4127 10928 26208 17123 6281 2673 1388 3656 3738 3389 2914 2153 2105 2655 3678 4183 4435 3868 3200 2436 1807 1333 1871 2327 2612 2806 2716 799 1384 2762 6692 19131 26783 10604 4000 1847 933 3961 3873 3284 2618 2002 1899 2488 3325 4203 4570 4526 3896 2935 2196 1631 1787 2207 2598 2816 2948 
5264 8740 10475 7736 4355 2547 1475 918 605 442 1285 1319 1422 1287 1263 571 810 1157 1653 2455 3619 5027 5691 5338 4140 3951 6804 9334 8523 5520 7522 10694 9834 6178 3484 2017 1281 847 554 431 1359 1454 1414 1390 1301 537 739 939 1502 2051 3146 4627 5791 6003 4918 3207 5514 8720 10045 7632 5506 9510 11243 8133 4749 2605 1575 1004 648 441 1433 1458 1441 1444 1258 560 904 1197 1729 2682 3875 5370 6087 5706 4469 4283 7309 9968 9208 5853 8151 11661 10626 6726 3813 2048 1280 784 530 404 1467 1608 1543 1375 1382 588 756 1033 1616 2312 3437 5055 6323 6627 5311 3527 5925 9557 10871 8146 
350 541 894 1868 4641 14574 27771 10764 3703 1552 4133 4121 3705 2857 2056 2344 2972 3554 3772 3614 3048 2443 1818 1304 1003 1516 1791 2020 2170 2131 505 836 1499 3303 8847 26123 20141 6554 2645 1269 4462 4095 3462 2561 1890 1988 2744 3407 3948 3912 3392 2788 2162 1664 1215 1403 1683 1996 2095 2209 444 678 1163 2243 5399 16490 31006 12221 4223 1886 4420 4594 3981 3189 2349 2433 3217 3884 4177 4057 3344 2696 1943 1525 1089 1601 2014 2256 2287 2307 485 796 1449 3355 9150 27807 22063 6877 2647 1274 4836 4610 3761 2867 2097 2221 2858 3677 4245 4262 3722 3216 2460 1756 1344 1550 1854 2065 2314 2485 
759 1126 1604 2690 4254 6838 8343 7261 4825 2944 3350 4173 4621 4172 3484 2952 4528 6439 7113 5898 4025 2622 1735 1080 742 1796 1974 2044 1947 1778 881 1404 2172 3568 5719 8090 8579 6353 3879 2483 3814 4639 4655 4032 3067 2465 3745 5736 7137 6964 5178 3452 2170 1475 952 1690 1935 2080 2013 1922 796 1178 1856 2977 4782 7500 9147 8140 5293 3319 3559 4550 4974 4658 3749 3177 4906 6993 7817 6405 4520 2917 1841 1356 853 2008 2040 2256 2149 1941 1069 1559 2426 4027 6567 9211 9525 7143 4478 2792 4467 5417 5418 4738 3611 2772 4340 6466 8276 8113 5967 3924 2384 1649 1057 1874 2226 2263 2362 2203 
395 502 635 828 1133 1409 1941 2401 2967 3308 235 518 1121 3918 37048 28317 4209 1270 566 312 189 122 89 52 41 1004 1001 953 867 760 430 644 739 939 1343 1692 2271 2769 3274 3548 443 928 2444 11324 81909 66690 10844 2760 1084 549 290 193 125 98 71 1033 1025 991 915 899 455 549 688 913 1153 1503 2013 2565 3087 3470 377 665 1562 4906 41349 31813 5101 1761 787 425 250 175 109 76 55 1086 1078 944 914 800 480 648 867 1122 1453 1953 2535 3152 3659 3862 350 797 2201 11364 89218 72868 11302 2600 913 446 260 151 106 102 49 1141 1137 1094 1041 926 
3154 3200 2867 2481 2006 1431 1141 880 659 519 848 943 1031 1097 1102 56 93 115 230 348 679 1697 6073 45063 17780 20803 8226 3042 1520 797 3368 3236 2753 2266 1780 1359 1019 758 597 458 921 1021 1085 1145 1162 72 96 159 231 364 624 1330 3587 16901 53652 24615 14209 5314 2321 1222 3586 3675 3329 2745 2285 1710 1321 977 772 550 947 1035 1062 1242 1206 92 116 194 268 442 927 2200 7425 51979 20478 23397 9314 3695 1813 991 3815 3727 3335 2633 1993 1509 1226 926 652 596 989 1188 1283 1306 1319 51 73 136 193 316 547 1209 3404 18011 58666 27619 15809 5637 2435 1299 
1143 1432 1862 2520 3255 3575 3581 3212 2525 1932 1692 2206 2871 3386 3683 1054 2275 6222 24172 24510 6420 2247 1091 555 336 2382 2260 1984 1752 1393 1396 1840 2438 3125 3793 3876 3762 3151 2439 1909 2087 2811 3559 3928 4113 983 1743 4142 13580 37996 14276 4239 1801 940 567 2631 2495 2332 2030 1714 1183 1627 2103 2855 3482 3865 3928 3486 2847 2177 1857 2458 3224 3741 4088 1277 2692 7404 27068 27909 7608 2794 1301 721 444 2561 2604 2272 1882 1653 1490 2057 2611 3447 3933 4273 4007 3363 2567 1975 2266 2974 3757 4265 4318 844 1703 4190 13827 40762 14590 4247 1707 868 527 2651 2731 2565 2159 1829 
1871 12549 61089 3799 1015 433 196 120 89 42 1386 1351 1280 1197 1012 666 919 1138 1550 2000 2417 2890 3119 2957 2543 1522 2618 4482 8031 10763 5096 74274 13561 2185 810 386 197 104 81 40 1469 1386 1296 1135 966 655 843 1102 1439 1889 2378 2789 3103 3287 3118 1316 2165 3762 6683 10460 2422 15037 67711 4789 1284 533 290 164 108 51 1535 1508 1394 1210 1118 730 1004 1251 1612 2136 2559 2986 3453 3190 2854 1813 2948 5109 8503 11508 4528 76253 12840 1909 667 297 181 97 68 51 1543 1482 1271 1215 1098 671 843 1201 1449 1885 2418 3010 3383 3455 3253 1378 2266 3849 6912 10798 
390 477 596 838 1101 1513 2062 2827 3530 3998 382 821 2276 12272 67361 20734 7120 2917 1358 752 452 295 208 140 111 1027 1044 976 887 797 450 535 739 1014 1303 1786 2430 3131 3851 4142 714 1600 5288 47675 20045 26399 12904 4728 2086 1074 653 402 300 200 137 1030 1026 1036 947 906 406 546 634 867 1162 1588 2201 2893 3630 4250 512 1010 2786 14012 71396 21725 7783 3121 1484 860 570 378 235 196 128 1078 1004 993 980 839 499 584 819 1100 1404 2022 2708 3610 4178 4459 573 1401 5272 52747 20798 29236 14301 4892 2178 1121 697 411 254 212 166 1183 1147 1089 1052 996 
3989 4485 4280 3678 2668 1957 1416 1040 722 576 1038 1108 1267 1204 1229 233 352 561 889 1510 2897 6281 13549 15939 8569 12030 12783 7387 3716 1972 4636 4931 4393 3482 2487 1811 1314 941 751 560 1205 1281 1437 1370 1361 253 359 542 824 1318 2420 4781 10386 18447 13663 10413 15307 11168 5803 2979 4311 4957 4869 3992 3001 2206 1568 1086 822 614 1148 1211 1346 1360 1383 319 456 630 1013 1793 3351 7081 14827 18030 9577 13707 14311 8200 4170 2295 4978 5166 4743 3667 2582 1983 1335 1007 755 556 1272 1297 1531 1435 1440 243 364 462 783 1270 2452 4858 10965 19105 14382 10908 16086 11840 6082 3124 
43 55 90 137 252 475 1218 4801 62673 12171 13812 9386 4651 2408 1337 2869 2975 2809 2306 1893 1506 1124 918 617 495 935 1052 1112 1173 1223 64 90 142 251 443 967 2762 16648 58745 5351 13442 7337 3566 2000 1164 2928 3300 3223 2831 2373 1864 1463 1086 815 693 939 1045 1204 1282 1355 58 71 97 226 335 655 1644 6144 73456 14675 15655 10931 5442 2805 1574 3313 3434 3113 2769 2105 1601 1277 985 754 582 1080 1177 1309 1343 1373 45 77 118 186 353 744 2454 16668 61753 4917 14545 7953 3771 2073 1229 3244 3466 3489 3033 2571 1879 1527 1111 930 742 1035 1117 1221 1369 1387 
2281 2990 3744 4314 4076 3485 2520 1871 1374 1028 1355 1660 1737 1936 1923 479 774 1320 2699 5906 14129 18604 9204 3830 1827 4745 4717 3932 2902 2080 2854 3639 4503 4584 4016 3287 2426 1782 1233 915 1638 1892 1928 2115 2014 482 672 1143 2012 4248 10063 20637 15526 6479 2964 4899 5211 4746 3658 2599 2440 3303 4195 4615 4463 3898 3028 2093 1569 1148 1561 1718 1983 2130 2160 614 918 1545 2994 6682 16052 21376 10441 4470 2171 5369 5230 4449 3201 2366 3022 3967 4679 4729 4431 3441 2644 1888 1357 964 1684 1915 2148 2216 2099 438 684 1196 2080 4439 10469 21445 16089 6621 2961 5137 5451 4989 3807 2799 
1139 1591 2234 3049 4032 4847 4807 3991 2931 2176 2093 2690 3379 3712 3600 1799 3378 7171 13993 14626 7822 3655 1953 1072 697 2334 2444 2228 1956 1677 1361 1898 2581 3527 4508 4825 4451 3515 2524 1823 2393 3023 3615 3720 3466 1423 2567 5061 10656 16282 11138 5410 2700 1516 881 2325 2434 2391 2188 1881 1121 1676 2411 3226 4222 5138 5058 4138 3056 2356 2300 3025 3562 3875 3906 1980 3754 7826 14996 15640 8455 3980 2145 1212 758 2602 2565 2419 2121 1768 1452 2099 2953 4012 5042 5496 5065 3946 2856 1992 2757 3381 4095 4206 3788 1441 2716 5510 11815 17891 12531 5893 2766 1567 967 2585 2762 2645 2407 1967 
1005 1316 1713 2294 2837 3276 3574 3137 2614 2041 1618 2159 3082 3729 4045 1060 2516 8471 38973 16220 3872 1452 704 365 242 2136 2011 1890 1567 1271 1198 1642 2186 2763 3276 3568 3562 3093 2516 1965 2104 2765 3579 4214 4408 956 2035 5033 21173 38373 8456 2667 1245 646 364 2354 2234 2133 1893 1536 1153 1561 2010 2551 3137 3626 3709 3441 2947 2342 1806 2515 3298 4040 4512 1356 3202 10082 43347 18477 4726 1842 905 494 329 2449 2250 2009 1744 1476 1267 1677 2303 2916 3398 3789 3794 3269 2661 2060 2153 2996 3803 4353 4542 798 1738 4947 21349 39345 8229 2627 1146 572 302 2350 2433 2153 1937 1682 
2203 3878 6475 9568 9255 6246 3582 2120 1222 843 1801 2028 2101 1919 1827 1046 1463 2197 3385 4717 6189 6179 4968 3525 2271 3238 4119 4638 4513 3599 3122 5377 8849 10759 8516 5107 2906 1794 1148 712 2132 2181 2188 2072 1728 922 1274 1912 2842 4316 6021 6763 6091 4436 3156 3004 3927 4683 4954 4299 2421 4205 7325 10487 10037 6733 3970 2248 1460 939 1998 2207 2304 2192 1972 1119 1596 2383 3675 5138 6599 6708 5434 3795 2543 3516 4505 4992 4684 3913 3364 5705 9289 11455 8705 5373 3124 1885 1141 803 2102 2347 2310 2146 1893 951 1390 2042 3065 4454 6311 7112 6472 4829 3176 3211 4122 5092 5080 4588 
17790 44683 7174 1959 854 433 256 149 103 82 1133 1137 1098 992 977 531 665 874 1164 1650 2039 2684 3141 3487 3324 1151 2359 5480 14714 23086 46152 18810 4125 1515 755 372 241 177 131 83 1159 1172 1062 990 861 452 613 779 1105 1461 1788 2361 3002 3368 3405 1003 1784 3591 9046 22038 18406 45888 7901 2469 1055 570 310 209 113 86 1144 1149 1090 1023 914 560 695 894 1174 1566 2091 2599 3224 3330 3335 1213 2420 5672 14956 23592 50988 19920 4003 1404 619 349 184 146 93 67 1257 1368 1157 1059 986 524 744 909 1210 1622 2090 2640 3336 3689 3838 996 1785 3920 9873 24122 
283 635 1927 10355 80438 5475 1282 513 240 156 2379 2121 1908 1679 1362 1262 1619 2133 2566 3038 3182 3102 2700 2175 1735 1760 2337 3081 3731 3990 576 1285 4640 48012 19125 3033 988 488 244 143 2293 2187 1902 1536 1229 1122 1393 1834 2288 2705 3178 3098 2934 2451 1980 1501 2073 2831 3583 3994 412 879 2375 12427 87920 6657 1734 668 331 190 2496 2382 2196 1879 1567 1291 1684 2162 2770 3142 3437 3365 2986 2322 1887 1859 2495 3266 4153 4421 472 1113 4277 51210 19436 2520 844 372 186 142 2576 2426 2082 1800 1420 1200 1623 2097 2620 3116 3489 3561 3307 2756 2162 1690 2265 3124 3984 4462 
6856 9918 9097 5848 3328 1987 1196 789 499 411 1189 1252 1209 1184 1176 497 652 975 1380 2083 3148 4514 5813 6094 4955 4216 8478 13309 11049 5876 9010 10479 7756 4554 2655 1602 1009 706 485 358 1244 1314 1302 1236 1118 435 583 857 1206 1763 2595 3931 5439 6498 5733 3264 6295 11929 13851 8458 7795 10921 10212 6496 3664 2192 1325 826 617 459 1372 1319 1420 1446 1301 567 767 1097 1559 2290 3568 5008 6417 6742 5504 4790 9571 15071 12323 6571 9813 11563 8752 5211 2999 1675 1106 747 540 347 1437 1367 1422 1331 1231 449 682 908 1331 1938 2936 4440 6100 7028 6455 3561 6879 13099 15184 9445 
1382 1950 2429 3207 3913 4150 3649 3055 2309 1745 1711 2159 2608 2899 3065 944 1848 4135 10889 23812 13824 4978 2026 1114 628 2735 2688 2408 2033 1665 1627 2297 2961 3786 4338 4268 3544 2797 2006 1552 2003 2565 2984 3308 3189 834 1458 3021 7302 19422 22573 8767 3570 1733 951 2971 2945 2818 2267 2016 1441 1969 2723 3423 4068 4383 4013 3313 2407 1841 1865 2403 2891 3215 3280 1150 2123 4838 12049 26077 15033 5507 2486 1295 742 3105 3019 2613 2150 1751 1747 2492 3255 3998 4492 4620 3909 3182 2201 1669 2250 2751 3316 3517 3478 861 1525 3122 7629 20829 24289 9444 3664 1704 883 3206 3269 3012 2619 2108 
73 95 158 220 337 650 1167 2710 7642 27794 31798 25858 4252 1395 649 3672 3262 2702 2083 1500 1130 867 635 498 360 797 948 970 1008 1000 125 184 265 382 594 1011 1992 4825 16115 34924 59289 10837 2934 1148 602 3845 3698 3159 2394 1829 1367 1080 750 598 432 877 934 1036 1061 1049 127 124 193 321 485 768 1433 3098 8826 30740 36362 29535 5398 1919 845 4024 3596 2813 2185 1632 1267 948 753 540 444 945 1098 1084 1119 1131 114 127 207 339 545 921 1952 4894 17156 37148 64090 10918 2715 947 516 4191 4213 3414 2632 2026 1529 1127 887 669 500 915 1031 1098 1080 1171 
198 227 363 561 782 1276 2345 4739 10094 15990 9804 34494 16210 4421 1719 4831 4378 3470 2428 1694 1267 928 631 505 369 943 1051 1107 1109 1068 248 357 450 713 1151 1919 3622 7403 14411 15729 21805 32384 8749 3080 1403 5069 5038 4265 3082 2189 1661 1149 802 630 457 994 1034 1155 1073 1137 194 254 385 566 834 1415 2535 5314 10951 16867 11094 37601 17348 4925 1941 5225 4564 3725 2722 1843 1380 944 710 543 404 1053 1066 1148 1077 1056 260 332 457 733 1129 2048 3880 8147 15888 17419 23643 35784 9275 3052 1315 5637 5460 4715 3543 2401 1714 1280 928 693 504 1148 1170 1260 1262 1224 
925 1436 2127 3344 4842 6480 6699 5251 3545 2403 2562 3391 3803 3818 3400 2307 3832 6341 8876 8381 5601 3440 2144 1239 813 2074 2229 2278 2093 1765 1131 1715 2657 4090 5749 6718 5991 4512 2919 1932 3011 3561 3891 3539 3037 1873 2983 4952 7903 9111 7192 4456 2683 1593 1049 1964 2260 2316 2249 1946 1084 1556 2343 3663 5399 7127 7414 5963 3998 2647 2977 3752 4205 4211 3746 2620 4285 6984 9934 9120 6351 3793 2338 1486 957 2374 2448 2461 2345 2032 1267 1911 3012 4563 6530 7684 6854 5062 3220 2168 3457 4021 4416 4148 3453 2079 3394 5648 8746 10286 8196 4962 3005 1795 1111 2323 2494 2535 2460 2232 
952 1248 1751 2264 2945 3477 3672 3504 2880 2203 1738 2474 3186 3980 4434 1548 3767 11549 30554 12976 4178 1610 881 483 336 2102 2020 1761 1545 1289 1158 1558 2172 2918 3357 3809 3847 3338 2737 2029 2171 2956 3847 4541 4548 1244 2639 7022 23266 25504 7697 2858 1333 756 467 2163 2299 2065 1808 1475 1047 1432 1889 2665 3261 3857 4022 3857 3177 2453 1915 2731 3632 4414 4780 1914 4462 13340 34882 15291 4744 2063 1109 635 380 2262 2225 2017 1726 1514 1259 1735 2335 3043 3760 4212 4211 3714 2943 2309 2452 3360 4303 4970 5006 1272 2640 7267 25406 28014 8037 2842 1311 748 432 2353 2387 2173 2007 1669 
200 323 522 845 1742 4201 12661 29005 12713 4173 6630 6980 5419 3573 2353 3020 3616 3780 3571 3109 2381 1723 1328 948 698 1259 1488 1531 1637 1676 318 481 771 1487 3008 7791 24200 24250 7720 3096 7474 6624 4762 3169 2062 2762 3599 4080 4134 3621 2988 2217 1634 1267 870 1301 1412 1636 1731 1798 273 393 634 1152 2118 4809 14337 32061 14132 4755 7178 7247 6089 3860 2463 3323 4031 4279 3995 3309 2588 1873 1453 1085 781 1412 1523 1709 1857 1805 319 447 737 1359 3020 8029 25099 25062 8028 2929 7806 6888 5109 3278 2130 3130 3789 4267 4291 3760 2966 2294 1644 1227 901 1352 1562 1747 1769 1845 
767 984 1428 1945 2725 3673 4253 4465 3944 3033 2167 3324 4585 5878 5813 3842 8767 17359 14200 6343 2903 1524 790 520 354 1697 1780 1658 1472 1281 954 1389 1805 2471 3451 4222 4822 4588 3715 2978 2868 4166 5689 6545 5652 2925 6280 14212 19643 10768 4605 2268 1340 748 490 1883 1883 1755 1730 1484 812 1104 1500 2023 2988 3854 4544 4758 4155 3220 2436 3510 4875 5986 6224 4302 9445 18753 15558 6858 3158 1632 970 608 412 1931 1892 1802 1604 1327 972 1366 1919 2694 3693 4627 5245 4893 3983 3054 3177 4548 6054 6971 5983 3005 6729 15000 21070 11390 4852 2307 1296 736 482 2004 2005 1954 1815 1596 
361 483 634 884 1274 1816 2522 3756 5014 5534 1566 3786 12781 33896 12252 12249 8810 4775 2642 1516 966 565 404 307 219 1066 1040 1009 1021 939 414 566 789 1110 1603 2239 3253 4626 5578 5772 2712 7392 26742 25775 7166 12121 11736 6972 3837 2222 1303 800 534 393 291 1101 1165 1111 1126 988 394 483 684 960 1373 1970 2869 4032 5457 6066 1875 4570 14265 37718 13763 13587 9799 5357 2846 1690 1062 723 508 359 271 1134 1232 1182 1114 1027 447 658 827 1169 1606 2428 3530 4822 6090 6043 2509 7434 27317 26019 7019 12600 12235 7391 3905 2160 1276 852 524 410 302 1193 1156 1184 1204 1058 
710 1025 1384 1932 2791 3570 4475 4724 4128 3114 2418 3496 4890 5977 5699 4060 8422 14597 12046 5901 2943 1637 876 596 362 1652 1763 1663 1581 1366 856 1148 1711 2460 3346 4447 4943 4821 3869 2841 3062 4490 5847 6232 5283 3073 6293 12518 15446 9393 4245 2302 1344 853 516 1766 1770 1661 1633 1498 801 1155 1507 2199 3110 4099 5135 5316 4695 3726 2677 3977 5548 6592 6431 4738 9628 16728 13988 6849 3420 1869 1095 671 472 1891 1965 1778 1666 1500 1043 1473 2030 2780 3788 5052 5502 5412 4328 3295 3446 4996 6656 7125 6081 3332 7056 14303 17638 10576 5056 2534 1442 847 558 1954 2062 2024 1919 1636 
43292 17815 2755 943 394 213 150 101 62 45 950 1027 1012 896 806 441 627 822 959 1294 1710 2154 2638 3016 2939 654 1282 3227 11808 38114 65871 7264 1972 765 414 229 138 92 64 39 1066 1049 1016 955 784 396 578 691 923 1245 1557 2063 2648 2920 3306 613 1108 2257 6664 27546 49512 20902 3525 1272 581 320 182 124 88 47 1101 1057 981 1005 887 525 683 863 1095 1482 1895 2353 2830 3283 3347 836 1672 4053 13383 42475 73807 7030 1708 751 361 208 117 84 45 41 1225 1197 1082 1051 957 490 599 846 1040 1381 1893 2368 2920 3399 3710 571 1067 2411 7107 30556 
12504 14001 8048 3951 2131 1211 770 479 330 251 1113 1170 1157 1100 1061 492 608 831 1160 1710 2289 3138 4339 4975 4817 2297 5558 16863 25072 9384 14962 11573 5748 2993 1708 983 680 421 332 195 1130 1143 1137 1028 962 405 559 696 997 1404 2017 2818 3799 4665 5114 1714 3936 10155 26225 16846 13480 14950 8671 4254 2263 1301 853 572 383 274 1249 1158 1202 1192 1109 533 661 937 1193 1713 2432 3409 4413 5282 5278 2614 6407 18339 26750 10426 16098 11998 6239 3079 1621 1033 588 430 278 239 1214 1243 1209 1148 1062 437 544 786 1034 1527 2213 2990 4240 5217 5506 1753 3875 10717 27863 17926 
4422 5090 4634 3643 2749 1846 1325 870 662 485 992 1157 1212 1197 1164 264 393 594 925 1469 2880 5271 10029 13178 8935 11621 15768 9387 4291 2179 5323 5471 4642 3320 2410 1705 1193 863 628 453 1161 1294 1280 1384 1326 256 436 549 817 1326 2343 4211 8431 13782 12777 8831 16476 14581 7173 3354 4966 5544 5239 4050 2942 2025 1464 976 753 577 1038 1174 1276 1297 1223 332 490 674 1020 1722 3045 6065 11360 14628 10013 12900 17806 10409 4741 2399 5598 5615 4722 3566 2504 1782 1316 966 663 508 1179 1342 1390 1330 1356 288 382 555 792 1297 2313 4407 8537 14575 13654 9247 17242 15112 7251 3505 
2103 2859 3662 4187 3939 3455 2532 1950 1413 955 1338 1634 1719 1855 1844 483 780 1376 2753 6095 14129 17555 8408 3567 1766 4511 4478 3721 2843 1975 2672 3667 4442 4549 4146 3370 2317 1734 1343 924 1556 1780 2059 2062 2014 414 748 1217 2125 4438 10522 20319 14240 6168 2734 4701 5039 4641 3698 2546 2508 3392 4189 4652 4711 3797 2957 2139 1628 1090 1560 1760 2021 2118 2077 576 918 1667 3128 7160 16418 20074 9848 4195 2115 5167 4987 4426 3140 2412 2968 3866 4788 4895 4400 3478 2639 1875 1386 1050 1766 2026 2199 2289 2143 471 715 1184 2291 4740 11344 21751 15250 6283 2893 5063 5466 4837 3859 2816 
125 201 312 494 888 1975 5495 21209 30982 7848 9697 9239 6112 3572 2179 3260 3707 3516 3124 2494 1960 1497 1076 866 640 1159 1246 1428 1409 1436 191 314 483 771 1412 3446 10551 36986 16325 4710 10327 7882 4888 2706 1701 3055 3525 3749 3533 2918 2266 1669 1319 916 719 1013 1251 1322 1464 1494 178 251 375 657 1100 2294 6105 22740 32959 8713 10335 9807 6452 3949 2237 3535 3888 3690 3425 2599 2028 1494 1106 873 596 1193 1334 1421 1593 1605 189 302 452 701 1423 3331 11147 39453 17335 4717 11077 8536 5117 3069 1703 3350 3919 3996 3685 3227 2437 1801 1318 1040 795 1147 1373 1472 1545 1562 
1754 2718 4775 7685 9581 7798 4889 2943 1800 1165 2098 2316 2370 2247 2087 1241 1918 2874 4247 5882 6678 5745 4029 2782 1860 2815 3362 3797 3631 3125 2231 3688 6508 9226 9422 6612 3899 2340 1447 966 2317 2473 2473 2191 1920 1095 1591 2259 3658 5223 6539 6701 5237 3570 2384 2655 3260 3729 3784 3361 1930 2981 5100 8331 10215 8441 5134 3105 1860 1212 2290 2451 2599 2393 2152 1327 1985 3071 4596 6181 6981 6123 4414 2925 1955 3027 3638 4053 3733 3169 2380 4078 6742 9722 10345 7090 4171 2533 1539 969 2425 2646 2722 2429 2174 1161 1641 2549 3848 5565 7093 7062 5464 3728 2433 2857 3527 4001 4037 3707 
2349 3704 5279 6503 6233 4801 3129 2174 1409 925 1664 1929 1971 2003 1942 877 1288 2033 3409 6026 8980 9362 6890 4113 2368 4139 4753 4804 3923 2934 3189 4777 6331 7036 5897 4062 2716 1827 1209 813 1820 2088 2033 2072 1923 703 1096 1784 2891 4893 7744 10195 8616 5491 3257 3800 4728 4937 4479 3587 2710 3974 5791 7102 6749 5169 3553 2334 1576 1050 1775 2023 2189 2109 2109 899 1420 2226 3647 6486 9666 10230 7237 4409 2603 4356 5114 4938 4200 3185 3543 5169 6901 7611 6504 4565 3010 1969 1336 930 2040 2229 2294 2280 2113 725 1195 1902 2960 5155 8570 10970 9516 6062 3502 4217 5153 5460 4940 3956 
6982 13939 14697 7584 3562 1807 1066 609 426 310 1328 1280 1206 1255 1113 641 774 1086 1493 2124 2951 3958 4429 4513 3711 2872 5323 9499 11706 8265 11207 17378 11463 5481 2686 1477 926 585 394 290 1402 1420 1317 1203 1158 567 753 1004 1354 1893 2745 3654 4619 4941 4651 2309 4078 7838 11901 11302 7833 15954 16399 8410 4084 2134 1203 770 482 348 1382 1386 1342 1286 1210 636 862 1239 1680 2329 3270 4298 5186 5088 4227 3130 5978 10553 13062 9421 12277 18940 12855 5855 2823 1554 907 577 372 263 1619 1556 1441 1387 1255 584 775 1128 1507 2102 3006 4024 5076 5587 4881 2516 4560 8477 13458 12390 
1398 2099 3243 4879 6394 6720 5499 3709 2498 1601 2235 2520 2860 2704 2668 1562 2449 4080 6447 9003 8399 5694 3423 1985 1281 2702 2917 2994 2755 2293 1773 2659 4038 5863 7051 6321 4724 3087 2027 1315 2476 2776 3026 2837 2526 1272 1929 3264 5443 8281 9382 7257 4565 2738 1749 2615 2959 3082 2900 2448 1466 2274 3485 5180 6896 7278 5851 4056 2673 1678 2259 2865 3145 3082 2782 1619 2601 4279 7325 9666 9042 5927 3607 2167 1375 2977 3185 3092 2808 2349 1896 2914 4525 6458 7662 7039 5152 3328 2179 1423 2623 3047 3283 3104 2675 1307 2124 3523 5961 9016 10468 7924 4828 2878 1760 2802 3180 3397 3224 2762 
478 1143 3911 32875 25263 3340 971 451 255 135 2045 2019 1812 1563 1324 1038 1454 1852 2290 2758 3230 3240 2903 2383 1893 1800 2467 3466 4287 4613 972 2393 10896 80342 8802 2172 868 448 236 151 2131 1946 1791 1502 1256 1045 1316 1698 2214 2628 3025 3245 3184 2759 2202 1587 2124 3070 4030 4538 671 1444 4829 37587 28958 4215 1358 594 337 214 2243 2204 2014 1743 1507 1168 1631 2035 2511 3000 3453 3448 3080 2695 2052 2013 2713 3631 4720 4947 739 2096 10238 83939 8313 1859 675 350 181 104 2280 2053 1936 1603 1292 1029 1408 1792 2303 2856 3399 3634 3263 2895 2434 1634 2371 3135 4210 4964 
2852 4253 5297 5882 5093 3607 2527 1627 1106 843 1454 1595 1708 1775 1716 603 905 1493 2603 4538 7881 10888 9252 5350 2977 5019 5834 5427 4235 2886 3780 5063 6136 5888 4612 3158 2248 1476 1031 760 1587 1703 1781 1773 1680 569 872 1239 2099 3552 6357 10319 11322 7690 4300 4601 5866 6178 5116 3755 3234 4625 6067 6615 5502 4195 2730 1863 1368 921 1565 1791 1996 1968 1885 650 1069 1672 2904 5043 8648 12102 10205 6054 3318 5777 6552 5995 4765 3137 3993 5550 6671 6402 5005 3566 2352 1618 1019 783 1648 1875 2005 1983 1797 574 859 1379 2149 3718 6761 11062 12111 8151 4753 4996 6354 6507 5548 3908 
3839 5259 5966 5138 3956 2780 1756 1228 861 645 1150 1378 1504 1423 1414 438 651 1013 1701 2706 4846 8173 10366 8053 4726 6752 8643 7669 4975 3148 4869 6183 6192 5088 3497 2445 1669 1182 792 581 1413 1551 1544 1582 1447 422 621 951 1429 2385 3974 7106 10945 10876 6993 5900 8747 9276 6901 4345 4405 6111 6840 6135 4452 3164 2069 1432 964 762 1424 1515 1640 1582 1594 510 788 1172 1828 3153 5661 9490 12088 9392 5503 7594 9873 8678 5792 3469 5469 6722 6806 5472 3721 2532 1817 1210 875 659 1574 1643 1724 1716 1603 450 648 964 1507 2476 4398 7635 11608 11467 7510 6260 9186 9907 7505 4646 
5894 5626 4546 3009 2094 1421 927 666 499 366 914 979 1008 1047 984 280 372 553 797 1159 1950 3388 5748 8883 9186 7579 30270 18404 4906 1751 6164 5609 4068 2688 1698 1211 830 609 447 338 1055 1006 1056 1066 1022 287 387 482 696 1038 1668 2719 4674 7789 10238 4777 17033 35986 9797 3300 6571 6410 4805 3325 2360 1577 1048 726 502 396 1040 1136 1093 1166 1155 320 429 597 884 1348 2208 3634 6467 9938 10254 9002 34004 20750 5577 2144 6916 6040 4335 3012 1958 1291 899 630 531 360 1108 1233 1168 1225 1118 300 382 504 742 1145 1778 2931 5151 8708 11473 4840 18408 38645 10334 3238 
272 365 472 673 1042 1722 2873 4940 7814 9874 4659 15164 30409 10155 3371 6335 5601 4036 2720 1834 1228 874 628 458 339 961 1078 1117 1063 1036 342 470 634 902 1360 2237 3712 6415 9429 9385 8604 27265 19924 5988 2412 6315 6313 4920 3455 2269 1522 1036 712 517 410 940 1080 1166 1096 1056 305 396 586 771 1197 1840 3261 5458 8717 10775 5336 17103 33640 11684 3993 7125 6342 4536 3124 2064 1350 936 638 504 383 1161 1165 1228 1162 1107 338 476 668 937 1572 2472 4283 7085 10538 10555 9333 30247 22022 6458 2461 6910 6946 5524 3898 2582 1727 1206 870 585 444 1176 1183 1239 1199 1238 
2087 2645 3269 3476 3417 3004 2386 1801 1369 972 1244 1434 1633 1831 1890 266 478 849 1740 4459 15950 31063 9140 2989 1296 4961 4496 3499 2445 1723 2554 3210 3639 3740 3383 2884 2117 1640 1173 875 1428 1615 1850 1985 1931 314 455 741 1362 3133 8828 31629 19873 5614 2203 5101 5058 4125 3038 2258 2420 3117 3750 4006 3914 3317 2643 1991 1489 1117 1431 1567 1825 2078 2202 407 605 1067 2192 5328 18534 35711 10956 3611 1578 5604 5108 3940 2781 1936 2828 3552 4107 4155 3816 3084 2398 1851 1275 1061 1574 1812 2094 2180 2218 258 401 730 1369 3175 9749 34291 21727 5838 2225 5784 5490 4670 3605 2515 
83 128 153 236 356 699 1343 3455 14000 41815 25470 17111 5610 2208 1081 3471 3308 2883 2228 1746 1271 1015 764 562 451 926 980 994 1094 1108 113 159 228 341 653 1113 2407 7376 33338 24467 27450 10344 3858 1717 966 3559 3708 3215 2712 2135 1560 1117 887 722 538 851 967 1051 1140 1174 116 151 210 316 447 840 1661 4308 15638 46658 27708 19301 6373 2525 1279 3787 3606 3082 2461 1901 1483 1073 827 605 479 918 1131 1181 1185 1249 85 123 215 357 521 1010 2336 7523 35233 26082 29643 10934 3901 1740 952 3814 3950 3521 2796 2238 1686 1303 1054 770 559 952 1053 1153 1204 1208 
32199 10987 3504 1427 711 433 248 169 122 85 938 966 930 892 836 398 541 669 909 1299 1674 2228 2827 3493 3687 319 757 2445 22882 29241 21580 6271 2392 1185 698 396 266 201 164 95 976 933 939 905 802 354 512 619 823 1058 1494 1971 2572 3248 3661 268 656 1626 7177 104718 35424 12306 3921 1754 917 507 351 214 163 144 1050 1000 1060 993 945 454 573 764 1035 1355 1814 2388 3102 3862 4087 438 971 3135 26768 33707 23735 6644 2484 1104 624 378 268 170 113 94 1120 1088 1054 956 889 411 526 722 869 1158 1622 2152 2893 3578 4009 250 513 1311 6413 114297 
328 573 943 1912 4186 11737 25188 12692 4481 1941 4308 4482 3895 3133 2342 2476 3051 3716 4013 3747 3052 2342 1721 1295 925 1507 1805 1966 2038 1945 508 800 1390 2945 7303 20108 21242 7682 3093 1466 4735 4343 3488 2662 1866 2104 2878 3528 3883 3860 3430 2650 1923 1504 1064 1391 1673 1817 2074 2053 431 675 1127 2196 4929 13697 28553 14621 5317 2306 4916 4903 4320 3513 2462 2663 3420 4156 4428 4031 3421 2629 1938 1359 1050 1637 2007 2181 2284 2141 494 867 1448 3125 8132 22285 23842 8494 3373 1508 5154 4923 4116 3051 2161 2377 3163 3949 4507 4454 3889 3095 2295 1713 1207 1574 1888 2199 2233 2329 
541 873 1386 2605 5264 10340 14880 10407 5251 2696 3925 4633 4509 3661 2809 2722 3774 4687 5187 4796 3694 2771 1961 1319 899 1751 2020 2263 2209 2000 766 1224 2091 3873 7846 14092 13884 7791 3855 2176 4700 4888 4370 3373 2458 2309 3171 4456 5364 5255 4514 3333 2293 1634 1186 1604 1922 2212 2282 2222 585 981 1612 2801 5569 10898 15624 10792 5354 2810 4171 4818 4628 3875 2847 2777 3827 5102 5367 5057 3963 2719 1866 1443 1011 1844 1973 2202 2198 2082 785 1260 2234 4053 8209 14875 15042 8272 4097 2168 5030 5073 4587 3576 2728 2435 3418 4750 5579 5551 4778 3489 2527 1751 1201 1725 2047 2294 2387 2329 
425 596 813 1008 1601 2338 3320 4479 5552 5494 2379 5061 11387 17921 11133 11211 11584 7193 3955 2103 1287 809 504 361 285 1281 1228 1186 1147 1047 494 708 912 1308 1883 2823 4097 5200 5679 5157 3660 7847 16083 15753 7535 9212 12633 9658 5491 2964 1706 1080 677 466 342 1114 1259 1248 1212 1104 456 600 848 1112 1586 2449 3541 4711 5841 5673 2688 5418 12016 18557 11789 11781 12253 7766 4112 2230 1415 842 583 413 284 1236 1276 1313 1163 1158 576 672 1042 1419 2031 3069 4425 5622 6192 5576 3826 8541 17022 17280 8262 9808 13524 10574 5875 3239 1806 1028 700 481 381 1303 1366 1360 1358 1261 
191 238 380 525 741 1197 2018 3479 6390 10338 2305 19653 37536 3382 959 5474 4410 3061 2139 1494 956 711 529 430 303 881 990 1025 993 933 270 353 435 649 1036 1676 2788 4984 8865 11872 6775 91204 10181 2064 790 5982 5388 3785 2804 1832 1269 898 634 498 372 899 974 1005 1007 995 216 283 433 572 825 1340 2212 3781 6719 11057 3129 22179 41813 4145 1244 5906 4623 3361 2314 1555 1064 784 553 397 322 945 1013 998 1034 980 245 345 488 713 1116 1627 2975 5299 9538 12823 6324 97233 9713 1766 620 6468 5566 4320 2861 1982 1330 954 692 543 370 995 1050 1059 1097 1110 
1100 1797 3134 5276 8519 9919 7403 4512 2607 1561 2606 2962 3129 2779 2444 1715 2710 3998 5473 6468 5762 4395 2962 1900 1383 2380 2725 2917 2789 2490 1512 2444 4199 7002 9780 9138 5990 3530 2053 1253 2811 3034 2979 2655 2277 1457 2109 3232 4831 6189 6533 5228 3765 2390 1700 2060 2686 2836 2937 2697 1302 1970 3403 5919 9283 10872 8295 4860 2867 1773 2859 3256 3308 3160 2632 1924 2740 4295 6027 6899 6312 4746 3138 2188 1439 2477 2943 3017 2925 2638 1595 2551 4517 7861 11007 10208 6772 3849 2237 1415 3098 3420 3393 3049 2504 1635 2383 3543 5244 6773 7168 5933 3941 2720 1836 2403 2856 3290 3195 2936 
423 584 747 1041 1558 2066 2994 3579 4321 4585 1551 3147 7586 18236 18496 17679 14993 6677 3063 1571 919 521 361 254 180 1126 1192 1160 1108 964 536 736 967 1214 1782 2478 3393 4231 4689 4506 2279 5017 12760 22594 12982 13709 19272 10776 4544 2348 1267 733 496 341 266 1256 1173 1268 1117 1090 451 610 858 1089 1563 2197 2938 3882 4699 4818 1755 3404 8146 19653 20005 18977 15685 7127 3190 1677 962 624 455 277 227 1247 1252 1219 1153 1001 574 726 978 1388 1944 2671 3578 4564 5009 4731 2450 5295 13268 24272 13458 14451 20345 11289 4844 2314 1250 793 479 335 232 1276 1306 1277 1234 1149 
5169 16804 26888 9061 3155 1413 753 459 276 189 1355 1399 1278 1238 1070 681 928 1148 1530 2128 2793 3332 3640 3647 3187 2090 3751 6562 9642 9573 9937 28985 18131 5679 2417 1279 642 416 295 196 1499 1467 1362 1293 1091 626 810 1116 1473 1893 2672 3237 3828 4036 3631 1773 3050 5220 8908 10918 6026 19175 30227 10386 3808 1745 939 573 360 238 1516 1575 1471 1341 1203 759 928 1368 1767 2348 3068 3749 4125 3973 3465 2380 4212 7175 10915 10760 10879 32016 20042 6232 2418 1171 655 400 276 160 1627 1590 1530 1373 1234 640 898 1159 1603 2142 2958 3585 4319 4397 4082 2077 3306 5910 9835 12108 
5750 9562 11135 7831 4386 2403 1430 919 576 397 1280 1404 1342 1304 1288 607 832 1168 1668 2389 3591 4835 5739 5374 4199 3984 6701 9746 9310 5993 8008 11643 10160 6151 3412 2031 1227 718 522 405 1493 1452 1398 1303 1221 545 697 1057 1475 2093 3284 4502 5720 6014 5173 3149 5473 9051 10811 8143 6296 10595 12119 8408 4848 2675 1606 960 695 453 1329 1499 1515 1478 1416 685 915 1180 1868 2728 3855 5277 6128 6047 4582 4284 7282 10937 10362 6580 8671 12931 11084 6863 3793 2117 1302 795 544 363 1568 1634 1523 1517 1390 565 786 1196 1623 2398 3467 4967 6229 6730 5670 3516 6078 9861 12062 8909 
9363 14895 12001 6096 2946 1591 881 583 399 303 1271 1280 1250 1230 1101 538 693 1038 1424 2025 2872 3907 4778 5098 4509 2940 6075 12317 15339 9119 13346 15623 9226 4414 2286 1306 805 536 379 280 1279 1338 1273 1250 1132 489 655 958 1199 1775 2474 3481 4426 5355 4924 2301 4618 9491 16071 13315 9775 15729 12454 6367 3050 1824 1044 647 435 310 1265 1334 1317 1342 1153 552 769 1032 1432 2043 2899 4050 4950 5294 4564 3171 6520 12867 16023 9561 13859 16150 9566 4608 2356 1336 822 538 334 258 1415 1424 1322 1375 1185 529 730 947 1321 1844 2604 3632 4855 5369 5339 2378 4628 9858 16609 13909 
839 1248 1923 2894 4451 6400 7405 6217 4282 2778 2974 3873 4421 4164 3789 2824 4587 7121 8528 7265 4849 3020 1823 1174 791 1960 2149 2072 1978 1806 1029 1578 2488 3915 5756 7461 7303 5545 3674 2304 3659 4316 4659 4188 3412 2335 3696 6057 8355 8688 6366 3939 2428 1537 996 1877 2181 2165 2222 1999 889 1224 1880 3035 4671 6749 7684 6311 4444 2865 3051 3938 4569 4385 3714 2938 4777 7148 8551 7365 4911 3050 1911 1224 829 2028 2200 2177 2024 1783 1151 1793 2683 4140 6367 8120 8195 6123 4024 2567 3882 4725 5322 4607 3833 2510 4097 6507 9311 9400 7044 4442 2590 1775 1091 2157 2370 2455 2395 2295 
147 209 263 434 706 1239 2423 5712 16028 23414 16400 21798 8989 3482 1533 4103 3983 3367 2587 1970 1431 1068 763 579 432 976 1087 1094 1157 1178 197 248 421 652 990 1833 3897 10180 24644 16915 23937 15577 5999 2563 1392 4121 4160 3808 3109 2285 1760 1295 957 662 501 961 1113 1054 1137 1195 185 190 347 489 812 1427 2754 6353 17551 25458 17720 23523 9775 3940 1880 4242 4117 3575 2800 2025 1488 1111 759 609 457 1105 1120 1223 1201 1200 212 232 346 561 945 1918 4025 10653 26133 18113 25425 16627 6304 2634 1236 4463 4632 4116 3313 2562 1845 1434 997 743 540 1019 1181 1219 1295 1316 
452 569 742 948 1301 1578 2125 2536 2927 3161 590 1096 2290 6492 22242 88192 7465 1528 615 279 160 102 65 47 33 1070 1048 997 960 763 583 699 871 1127 1408 1908 2502 2860 3247 3189 909 1743 4053 12436 33313 31634 28793 3631 1192 516 256 145 99 76 45 1146 1051 1011 1032 878 466 638 782 1031 1349 1664 2149 2672 3052 3355 722 1266 2676 7109 23816 96329 8868 2025 810 400 184 122 87 50 36 1156 1111 1026 997 873 569 751 931 1164 1574 2030 2659 3121 3440 3565 911 1783 4153 13206 35615 32526 29950 3251 984 427 233 139 95 51 48 1184 1191 1118 1010 920 
1898 2801 4025 5240 5794 5040 3770 2562 1750 1212 1733 2083 2145 2316 2178 934 1580 2506 4719 8460 11506 9459 5382 2784 1654 3545 3853 3730 3040 2409 2358 3459 4953 5877 5752 4551 3243 2296 1503 1047 1995 2212 2382 2479 2211 795 1296 2086 3648 6690 10951 11630 7420 4144 2298 3442 3974 4047 3498 2854 2080 2995 4400 5704 6266 5474 4094 2818 1990 1251 1829 2189 2438 2472 2332 1075 1625 2845 5046 8918 12565 10212 5910 3135 1832 3811 4197 3914 3393 2575 2577 3742 5169 6303 6137 4990 3484 2330 1553 1110 2097 2385 2581 2478 2369 845 1294 2244 3940 7081 11694 12238 8138 4327 2465 3688 4140 4310 3683 3054 
428 593 836 1395 2478 4718 9376 14017 11110 5937 5887 7714 7382 5437 3391 3950 4963 5302 4593 3689 2493 1774 1298 913 652 1413 1538 1573 1650 1478 498 698 1188 1967 3480 6895 12787 14151 8427 4283 7081 8048 6577 4356 2768 3524 4642 5413 5296 4162 3118 2148 1528 1099 796 1399 1569 1652 1691 1664 411 676 925 1495 2806 4869 9788 14635 11640 6191 6197 7796 7322 5489 3654 4131 5176 5629 4807 3758 2671 1834 1303 928 693 1419 1572 1704 1654 1578 497 764 1193 2106 3689 7359 13913 15317 9315 4596 7778 8724 7196 4840 3067 3832 5077 6000 5913 4702 3402 2430 1701 1237 874 1490 1647 1837 1789 1793 
2622 4034 5674 6958 6453 4535 3103 2014 1343 903 1706 1835 1883 1895 1798 836 1208 1847 3150 5169 8048 9173 6944 4319 2636 4157 5145 4918 4254 3133 3283 5046 6587 6858 5484 3857 2517 1583 1100 658 1625 1905 2045 1948 1741 675 971 1528 2517 4110 6519 9193 8340 5792 3447 3684 4718 5274 4802 3643 2923 4520 6513 7677 6950 5222 3369 2171 1460 991 1809 1999 2192 2097 2071 909 1331 2088 3515 5843 8764 10191 7726 4951 2967 4820 5537 5719 4651 3577 3627 5299 7113 7592 6021 4003 2633 1789 1212 835 1874 2065 2277 2142 1893 752 1074 1669 2697 4556 7347 9960 9255 6317 3709 4118 5257 5728 5256 4068 
4132 3769 3223 2573 1874 1427 1103 756 577 453 827 893 998 1039 1016 137 179 312 391 679 1082 2272 5331 15179 24627 47256 15614 3440 1271 586 4061 3633 2952 2190 1560 1193 867 707 495 374 895 924 1009 1089 1060 126 162 240 383 565 926 1638 3546 9034 23411 21024 40830 7421 2361 1029 4345 4125 3444 2681 2077 1434 1057 776 632 504 891 952 1023 1142 1118 158 232 324 477 779 1363 2493 5914 16699 26662 51722 17847 3981 1606 804 4467 3897 3310 2471 1768 1266 1024 740 536 474 988 1140 1075 1174 1181 128 169 244 331 581 943 1772 3696 9931 25777 22458 44383 7451 2154 927 
840 1197 1714 2695 3812 5343 6228 5763 4394 2977 2829 3789 4678 4703 4239 3127 5559 8898 10611 7700 4654 2591 1520 932 600 1978 1991 1991 1903 1721 1041 1481 2136 3220 4761 5855 6158 5140 3727 2517 3318 4334 4869 4727 3802 2406 4184 7260 10384 9820 6047 3507 1928 1318 787 1895 1974 1989 1959 1767 931 1419 1850 2800 4145 5647 6640 6072 4690 3094 2993 4021 4821 5212 4523 3314 5963 9516 11217 8172 4919 2766 1710 1082 706 2132 2047 2116 1955 1779 1125 1584 2349 3468 5092 6729 6853 5631 4074 2816 3679 4728 5417 5105 4187 2648 4640 7939 11589 10502 6992 3849 2242 1372 924 2050 2290 2236 2191 1974 
1973 2832 3983 5082 5399 4855 3739 2647 1743 1301 1677 2007 2145 2367 2329 878 1477 2514 4714 8940 12628 10151 5683 3029 1629 3644 4062 3633 3102 2388 2484 3481 4805 5761 5545 4400 3272 2257 1477 1051 1962 2303 2383 2358 2284 800 1232 1990 3596 6863 11849 12736 7934 4264 2286 3472 4005 4037 3601 2891 2092 3073 4242 5425 5817 5245 3834 2705 1853 1320 1841 2026 2409 2462 2377 978 1576 2771 5127 9586 13962 10835 6029 3235 1865 3933 4254 4034 3354 2390 2629 3839 5239 6158 5831 4857 3570 2434 1635 1176 2093 2452 2630 2652 2477 788 1280 2098 3831 7414 12360 14145 8739 4523 2426 3916 4481 4389 3909 3033 
11 20 43 74 90 149 289 658 2106 19511 82238 5499 1270 481 265 3148 2748 2226 1737 1383 1062 822 667 495 411 779 821 940 1001 998 33 39 54 80 132 258 525 1360 6188 114408 20108 2919 1037 445 258 3190 2863 2590 2125 1588 1230 941 725 593 440 792 811 928 987 957 26 28 35 63 96 171 357 875 2723 22630 92931 6843 1678 690 307 3442 3002 2565 1969 1551 1150 947 682 585 446 865 995 1046 1160 1043 19 24 46 73 124 220 444 1150 5592 127352 20015 2624 818 358 199 3517 3320 2866 2236 1878 1435 1115 832 663 476 851 997 1010 1071 1095 
4330 7733 10604 8897 5334 2884 1752 1055 721 495 1376 1460 1496 1404 1337 700 972 1296 1889 2814 4084 5205 5685 4843 3421 3749 5879 7596 7307 5117 6362 10305 11280 7680 4482 2395 1506 933 637 440 1566 1566 1485 1485 1423 608 788 1169 1660 2556 3673 4917 6191 5692 4614 3214 5125 7399 8396 6721 4901 8708 11745 10077 5953 3269 1916 1174 811 527 1580 1611 1627 1579 1452 695 1020 1509 2179 3073 4588 5818 6320 5468 4072 4198 6358 8490 8090 5760 6719 10865 12040 8285 4607 2575 1566 1022 641 443 1628 1737 1740 1494 1423 655 883 1277 1884 2646 3915 5368 6469 6200 4877 3454 5510 8162 9182 7329 
485 797 1425 3253 8589 22115 16013 5693 2297 1132 3203 3330 3022 2430 1905 1817 2462 3137 3766 3837 3419 2768 2180 1543 1090 1665 1871 2263 2403 2381 709 1238 2298 5457 15427 24152 10095 3809 1824 1000 3515 3380 2908 2324 1748 1568 2217 2890 3627 3983 3697 3255 2473 1861 1373 1545 1844 2187 2457 2511 590 951 1833 3853 10071 25386 18747 6702 2789 1444 3691 3873 3419 2895 2294 2110 2886 3645 4287 4378 4000 3189 2455 1736 1310 1900 2234 2580 2888 2755 714 1290 2591 6111 17449 27353 11478 4237 1933 978 4106 3813 3310 2666 2062 1949 2642 3338 4091 4482 4324 3685 2874 2175 1564 1826 2207 2533 2849 2831 
387 651 1277 3357 12216 41505 12054 3305 1232 663 3242 3162 2859 2271 1814 1738 2243 2875 3320 3597 3421 2854 2273 1729 1300 1685 1997 2459 2614 2716 582 1106 2347 6501 27443 27535 6513 2384 1084 600 3255 3155 2527 2126 1591 1409 2014 2531 3129 3605 3434 3190 2551 1960 1498 1508 1840 2303 2571 2775 504 837 1659 3958 13633 44433 13628 3930 1610 817 3461 3296 3021 2433 1930 1796 2436 3049 3549 3872 3688 3035 2419 1808 1345 1755 2274 2706 2858 2941 537 1032 2251 6940 30491 29917 6868 2283 1065 574 3491 3353 2870 2257 1827 1724 2355 2928 3618 4060 4077 3527 3052 2232 1728 1726 2191 2488 2937 3131 
278 401 606 911 1455 2484 4420 8142 11119 9245 6765 12093 13197 7704 3814 5300 5514 4767 3670 2594 1764 1197 814 629 461 1097 1229 1290 1293 1117 369 452 812 1217 2006 3521 6320 10463 11505 7645 9721 14408 11016 5725 2976 4877 5882 5653 4435 3213 2142 1487 1017 746 555 1147 1255 1305 1413 1302 340 464 740 1055 1695 2827 5023 8747 12692 10617 7508 13407 14666 8629 4546 5851 6357 5378 4064 2828 1842 1356 934 691 521 1259 1386 1476 1437 1374 407 585 842 1321 2106 3763 6961 11632 12871 8609 10755 15948 12384 6430 3268 5591 6611 6303 5089 3570 2542 1667 1139 791 582 1256 1384 1438 1484 1457 
648 900 1136 1572 2068 2580 3132 3407 3364 2863 1552 2465 3964 5917 7451 4055 16683 36840 8316 2513 1069 550 344 193 119 1517 1425 1399 1252 1004 793 1046 1427 1832 2408 3094 3507 3580 3208 2726 2118 3390 5298 7577 7975 2686 8585 37571 20133 4940 1834 908 457 337 204 1630 1614 1584 1418 1254 709 1008 1279 1679 2241 2909 3522 3865 3624 3208 1859 2899 4570 6659 8386 4896 18778 41873 9905 3102 1398 709 419 275 176 1719 1694 1502 1389 1193 875 1197 1608 2154 2750 3375 3831 3986 3595 2940 2234 3735 5769 8035 8642 2702 8891 40201 21531 5134 1798 850 428 316 161 1746 1802 1668 1569 1267 
9956 9084 5718 3208 1970 1246 727 563 394 252 988 1083 1066 1045 1014 361 499 658 903 1405 2104 3153 4505 5770 6031 2532 8395 37635 16635 4053 10426 7419 4466 2543 1464 1023 650 452 400 234 1091 1062 1044 1016 992 320 417 580 867 1227 1811 2634 3834 5364 6340 1896 4790 19767 36760 8532 11293 10211 6620 3714 2186 1318 872 620 430 293 1129 1175 1176 1123 1112 406 557 760 1086 1580 2311 3412 5012 6562 6882 3194 10157 42795 19540 4933 11754 8526 5198 2914 1762 1101 749 519 387 262 1233 1265 1203 1176 1067 355 506 635 946 1378 1952 2929 4486 6087 7091 1837 5142 21840 41604 9065 
