94 116 162 225 387 657 1291 3182 10751 37040 28286 20418 5524 1975 912 3594 3353 2706 2138 1672 1243 938 716 538 419 858 955 1035 1085 1033 132 148 230 403 610 1054 2258 6256 24341 30753 36452 11184 3567 1589 839 3669 3650 3361 2619 2153 1440 1110 841 634 538 893 982 1107 1141 1159 105 164 214 334 509 813 1586 3784 12389 41452 31406 23156 6259 2480 1119 3949 3582 2959 2385 1747 1365 951 775 585 494 935 1018 1116 1165 1160 112 157 210 315 507 927 2178 6265 25062 31251 37586 11600 3592 1488 712 3865 3811 3367 2698 2106 1598 1204 898 715 542 926 1001 1152 1208 1182 
1699 2569 3655 4513 4996 4647 3698 2647 1828 1385 1670 2052 2192 2422 2370 895 1475 2678 5268 10387 14957 10254 5031 2592 1381 3608 3706 3547 2839 2283 2183 3010 4197 5044 5081 4154 3259 2221 1564 1142 1883 2259 2463 2665 2320 769 1144 1963 3890 7765 13996 13693 7415 3651 1910 3507 3901 3734 3236 2509 1945 2702 3685 4694 5057 4938 3844 2807 1926 1381 1729 2060 2366 2421 2476 902 1594 2715 5518 11288 15527 10553 5261 2771 1419 3732 3767 3637 2861 2239 2433 3356 4335 5349 5343 4674 3460 2453 1758 1209 2113 2413 2628 2677 2539 754 1227 2091 4011 8189 14838 14584 8050 3895 1977 3636 4059 4001 3400 2751 
5783 5370 4123 2933 1911 1320 867 665 454 367 908 947 1044 1006 1002 258 325 436 680 1109 1749 2948 5227 9055 11084 7602 55435 13520 2728 962 5847 4937 3535 2404 1615 1150 798 606 426 321 976 1031 1055 1101 1052 218 320 471 605 889 1398 2328 3965 7323 11201 4184 22472 42366 6296 1947 6511 5891 4453 3128 2075 1472 981 727 515 397 945 1054 1101 1102 1096 297 389 528 766 1197 1859 3276 5819 9846 12378 9065 62545 15811 3430 1278 6547 5326 3809 2581 1751 1234 860 618 474 372 1034 1104 1102 1074 1131 253 316 450 651 893 1454 2501 4493 7886 11918 4006 23606 45312 6164 1750 
319 470 626 1001 1626 2946 5911 10962 13700 8949 7229 10388 9958 6164 3460 4598 5327 5010 3938 2890 1980 1425 967 703 511 1196 1336 1373 1393 1341 400 551 829 1345 2215 4317 8489 13586 12146 6398 9193 11047 8235 4739 2666 4097 5063 5207 4599 3411 2379 1725 1204 865 588 1131 1321 1406 1358 1335 326 472 726 1091 1843 3237 6316 12184 14884 9903 7798 11417 10823 6717 3804 5022 5769 5302 4131 3116 2182 1554 1025 738 594 1371 1484 1481 1519 1487 393 586 839 1419 2398 4710 9098 15033 13325 7087 10363 12232 8707 5111 2823 4568 5635 5825 4915 3787 2636 1822 1310 892 684 1304 1449 1452 1569 1514 
86 113 155 244 393 697 1358 3176 9637 30791 27041 24866 5560 1939 868 3738 3319 2790 2137 1563 1205 914 648 519 401 926 918 980 1091 1086 153 182 291 380 622 1123 2319 5848 19735 29677 42144 12143 3567 1442 768 3764 3669 3212 2492 1832 1423 1087 792 634 466 864 941 959 1023 1018 101 170 219 330 494 876 1620 3658 10620 33522 30367 27353 6511 2314 1125 3844 3634 2945 2359 1779 1306 1003 778 554 463 982 1067 1021 1193 1100 110 170 226 371 590 1058 2293 5952 21132 31548 45802 12830 3549 1400 716 4116 3993 3496 2824 2130 1519 1194 863 667 530 948 998 1091 1161 1186 
639 1100 1929 3651 7784 14368 13546 6920 3288 1747 3354 3568 3472 2989 2409 2006 2856 3903 4577 4784 4042 3147 2164 1501 1114 1855 2181 2317 2455 2217 908 1625 2744 5757 11673 16257 10412 5040 2473 1442 3549 3775 3445 2743 2176 1880 2522 3590 4464 4973 4761 3723 2643 1876 1351 1778 2024 2349 2432 2467 806 1225 2188 4231 8695 16174 14996 7716 3676 1977 3715 3943 3990 3366 2587 2310 3104 4197 5217 5162 4402 3403 2473 1787 1264 1934 2284 2668 2558 2555 997 1678 3075 6216 12999 18120 11675 5364 2680 1402 4034 4342 3783 2915 2336 1996 2843 3895 5011 5532 5236 4060 3093 2167 1470 1880 2269 2601 2706 2731 
1827 9671 80560 6506 1515 630 290 168 103 76 1472 1397 1370 1122 1091 704 998 1230 1611 2076 2465 2948 3124 3161 2664 1705 2810 4802 7671 9520 4484 38993 24393 3512 1166 517 283 145 94 74 1491 1451 1362 1199 1002 663 783 1136 1510 1884 2392 2901 3193 3253 2944 1421 2279 3779 6359 9143 2428 11372 89705 8112 1989 741 382 207 122 94 1542 1543 1456 1376 1197 851 1037 1372 1715 2214 2746 3252 3362 3397 2888 1822 2951 5152 8320 10225 4084 41185 24957 3186 1020 439 251 135 81 61 1654 1595 1466 1293 1179 703 891 1224 1576 2046 2693 3135 3482 3505 3143 1542 2484 4123 6951 10080 
590 717 1037 1319 1959 2437 3108 3647 3807 3468 1717 2740 5064 8312 9823 8534 25290 17346 5573 2167 1098 566 350 258 170 1452 1274 1274 1285 1007 764 928 1324 1726 2381 3096 3631 4113 3974 3366 2432 4021 7206 10223 9812 5657 17357 29538 10869 3831 1726 959 559 340 230 1551 1465 1418 1336 1145 662 881 1141 1564 2121 2894 3678 4038 4249 3775 1917 3339 5667 9328 11151 10178 29333 20457 6604 2707 1361 752 456 293 203 1591 1538 1527 1348 1208 795 949 1372 1884 2434 3249 4052 4325 4258 3491 2588 4413 7560 11086 10990 5877 18539 30926 10900 3850 1668 941 521 330 225 1592 1700 1559 1437 1279 
414 516 704 874 1312 1747 2598 3305 4164 4493 1248 2690 7259 23430 21210 17109 11205 4977 2448 1323 731 483 339 255 169 1065 1130 1032 966 941 490 627 797 1120 1486 2243 3088 4115 4598 4553 1992 4577 13998 30627 12412 15367 16156 7979 3634 1784 1113 661 447 299 218 1037 1090 1083 1019 959 422 618 774 1035 1382 1966 2689 3743 4565 4976 1458 3066 8280 26303 24062 19348 12638 5744 2808 1468 895 568 426 292 197 1153 1226 1182 1099 1013 555 684 914 1224 1674 2407 3315 4342 4952 5162 2071 4816 15031 33131 13122 16886 17566 8568 3864 1964 1095 681 450 311 215 1192 1214 1184 1187 1063 
479 619 787 1062 1283 1687 2274 2724 3241 3261 757 1358 2871 7913 22954 57819 12689 2539 955 460 273 157 104 71 64 1113 1085 999 997 837 499 651 860 1114 1478 1902 2396 2904 3220 3155 1085 2086 4875 14359 26740 23302 38648 5913 1813 792 420 258 149 130 79 1082 1049 1050 974 863 540 645 848 1133 1403 1885 2384 3147 3552 3692 928 1705 3515 8970 26126 65809 15163 3394 1293 616 379 222 147 107 69 1260 1231 1191 1057 987 597 728 962 1278 1733 2241 2888 3322 3662 3701 1177 2335 5516 16139 30520 25417 43931 5975 1783 760 381 246 144 104 77 1316 1379 1192 1137 1042 
1066 1287 1863 2415 3096 3667 3823 3395 2744 2147 1798 2405 3122 3729 4102 1513 3237 9195 25720 16023 5330 2103 1063 615 377 2108 2039 1941 1629 1364 1233 1650 2198 2833 3631 3958 3734 3274 2539 1922 2223 2914 3655 4205 4161 1278 2479 5853 17739 26558 9508 3504 1622 901 546 2208 2224 2084 1842 1612 1079 1422 1989 2643 3360 3952 4055 3745 3058 2334 1997 2628 3380 4153 4340 1814 3884 10537 28390 17213 5979 2328 1251 733 471 2386 2343 2061 1774 1533 1367 1870 2532 3304 4001 4464 4331 3701 2964 2178 2513 3410 4270 4767 4603 1302 2571 6394 19867 29570 10348 3741 1595 873 506 2538 2585 2412 2172 1733 
1611 3051 6347 12331 14691 8676 4292 2178 1274 744 2111 2248 2179 2074 1717 1144 1742 2369 3326 4322 4985 4921 3947 3009 1985 2561 3298 3975 4218 3649 2345 4492 9256 15345 12349 6279 3144 1712 1045 635 2207 2310 2191 1889 1683 1038 1457 1952 2855 3934 4834 5064 4396 3408 2393 2211 2969 3891 4149 4043 1784 3396 6760 13352 15822 9630 4549 2379 1341 900 2299 2425 2374 2149 1887 1270 1786 2616 3568 4642 5378 5078 4041 3095 2177 2868 3568 4350 4507 3955 2497 5157 10571 17640 14146 7174 3636 1872 1178 739 2619 2633 2622 2226 1918 1178 1646 2309 3276 4409 5577 5835 5252 4031 2791 2636 3576 4459 5020 4703 
767 1412 3130 8251 23284 18071 6045 2445 1167 679 2581 2659 2415 2125 1714 1415 1924 2634 3243 3791 3924 3494 2786 2033 1597 1883 2520 3064 3216 3173 1262 2457 5620 15997 28124 11364 4124 1948 1013 633 2691 2747 2408 2014 1723 1348 1749 2361 3192 3759 4249 3960 3319 2643 2003 1790 2490 2986 3316 3592 925 1656 3603 9487 25815 20059 7027 2761 1455 804 2787 2900 2719 2328 1945 1503 2088 2801 3623 4117 4268 3848 3059 2282 1774 2143 2750 3293 3734 3523 1195 2257 5664 16141 28906 11891 4132 1861 967 536 2861 2794 2581 2154 1740 1380 1885 2517 3227 3914 4447 4223 3601 2674 2114 1909 2513 3082 3597 3724 
616 904 1521 2699 4708 8847 11981 9411 5259 2810 3771 4511 4498 3847 2920 2815 3886 5168 5565 4969 3772 2543 1775 1243 853 1690 1896 1997 2034 1863 838 1294 2060 3821 6913 11547 11854 7692 4036 2307 4431 4839 4590 3635 2616 2411 3480 4728 5797 5679 4641 3307 2279 1618 1173 1675 1833 2044 2163 2018 664 999 1663 2911 5343 9655 12948 10115 5812 3101 4233 4831 4869 4181 3231 2855 4314 5473 5996 5235 4078 2920 1966 1319 1007 1793 2121 2205 2170 2065 838 1377 2235 3924 7508 12222 12842 8128 4356 2413 4771 5219 4848 3899 2905 2548 3739 5142 6220 6043 5027 3570 2463 1722 1163 1759 2077 2300 2349 2251 
4079 7752 11875 10529 5985 3184 1884 1088 698 453 1557 1554 1483 1461 1287 679 984 1409 1977 2954 4086 5167 5335 4677 3422 3518 5473 7292 7408 5439 5758 10240 12060 8216 4362 2377 1454 875 626 445 1513 1601 1537 1477 1321 598 833 1163 1553 2425 3569 4779 5384 5125 4191 2895 4493 6574 7658 6425 4771 8572 13073 11504 6833 3614 1948 1232 749 522 1669 1682 1687 1660 1468 774 1110 1515 2324 3170 4615 5672 5893 5164 3912 4034 6139 8054 8009 6104 6588 11603 13722 9305 4966 2632 1583 974 613 433 1674 1774 1681 1581 1495 702 926 1351 1952 2651 4022 5258 6331 5799 4537 3198 5122 7508 8653 7524 
3153 2988 2606 2147 1667 1191 941 720 529 405 786 818 857 946 993 38 50 111 148 204 381 761 1999 8578 66380 32347 3471 949 428 233 3186 2983 2482 1909 1419 1119 919 649 511 394 824 903 999 952 1041 50 71 72 138 192 346 681 1430 4444 29020 87051 9874 2214 888 422 3579 3353 2828 2381 1768 1415 1028 803 637 499 879 919 1023 1032 1034 60 84 123 165 290 497 1061 2585 10503 77194 37471 4470 1423 596 291 3584 3252 2668 2203 1650 1270 963 725 536 449 914 1022 1078 1123 1181 42 62 80 137 172 323 589 1340 4140 30423 95914 9740 2007 758 362 
1807 2604 3630 4659 5335 4622 3669 2591 1792 1330 1666 1969 2224 2406 2311 889 1459 2600 4976 9867 13848 9983 5075 2565 1459 3536 3650 3304 2851 2106 2259 3204 4441 5123 5156 4332 3121 2248 1548 1143 1896 2214 2441 2377 2312 768 1179 2112 3799 7603 13184 12838 7515 3850 2008 3417 3804 3800 3313 2617 1922 2886 4098 5107 5643 5166 4029 2846 2104 1436 1863 2262 2500 2631 2532 1009 1651 2944 5902 10931 15441 10677 5809 2921 1652 3998 4083 3800 3099 2436 2493 3540 4663 5689 5602 4600 3516 2436 1782 1205 2101 2431 2684 2645 2477 813 1296 2170 4017 7980 13977 14218 7978 4075 2176 3818 4161 4180 3574 2833 
4337 17089 35137 8374 2547 1121 582 313 212 161 1380 1303 1315 1278 1077 732 879 1138 1596 2073 2556 3193 3482 3359 2998 2047 3296 5750 8963 9858 9010 36669 19877 5037 1899 926 507 340 202 153 1493 1374 1355 1147 1094 577 855 1066 1413 1844 2382 2977 3657 3654 3340 1640 2689 4683 8025 10746 5233 20043 40092 10166 3209 1414 698 421 274 165 1589 1594 1465 1378 1219 757 985 1314 1750 2367 3010 3611 3926 3848 3148 2270 3752 6582 10199 11203 9554 40230 21500 5261 1906 895 499 270 186 125 1622 1592 1543 1349 1181 703 942 1196 1604 2087 2791 3559 4037 4258 3748 1811 2907 5222 8932 11871 
638 1167 2439 6337 19457 23746 8124 2929 1391 734 2778 2788 2647 2174 1838 1561 2109 2882 3473 3922 3765 3320 2671 1989 1489 1885 2461 2829 3079 3021 963 1856 3992 11284 28115 14713 5052 2062 1128 679 2813 2777 2448 1995 1617 1336 1816 2465 3234 3649 4005 3633 3035 2293 1753 1668 2141 2701 3009 3136 799 1350 2829 7073 20851 25730 8794 3287 1569 877 2993 3036 2779 2260 1889 1662 2225 2948 3726 4085 3997 3494 2843 2082 1602 1950 2476 2936 3172 3252 960 1795 4041 12047 29648 15604 5160 2194 1068 613 3086 2903 2706 2180 1690 1449 1935 2665 3597 4027 4241 4085 3328 2496 1842 1837 2321 2839 3283 3339 
902 1175 1600 1961 2589 2850 3129 3054 2613 2213 1445 2139 2949 3851 4727 662 1807 10212 78365 5661 1335 495 286 151 100 2027 1814 1647 1444 1185 1064 1343 1793 2315 2781 3096 3288 2977 2447 1979 1842 2490 3546 4573 4859 579 1350 4547 45528 20729 3150 1066 490 262 156 2088 2008 1757 1574 1315 987 1310 1711 2273 2723 3187 3480 3328 2842 2335 1677 2302 3098 4200 5126 893 2455 12397 88914 7225 1731 649 320 198 133 2158 2144 1851 1574 1258 1168 1542 1999 2532 2981 3390 3409 3213 2630 2163 1956 2746 3834 4654 5156 503 1087 4108 46675 20308 2741 851 436 204 112 2234 2189 1950 1690 1519 
2675 4474 6694 8190 7120 4962 3000 1887 1209 811 1667 1820 1931 1903 1718 873 1270 1886 3074 4874 6905 7997 6373 4481 2736 4072 5028 5339 4682 3643 3560 5637 7730 8021 6210 3968 2613 1547 1090 732 1777 1882 1940 1840 1707 701 1106 1671 2456 3953 6016 7787 7391 5641 3512 3494 4621 5394 5252 4157 3013 4688 7158 8764 7794 5346 3330 2093 1334 952 1823 2000 2094 2077 1919 903 1346 2179 3285 5129 7604 8440 6905 4656 2939 4389 5451 5645 5012 3804 4052 6341 8623 9020 7081 4403 2701 1778 1174 780 2052 2278 2329 2109 1987 864 1137 1801 2738 4634 6878 8898 8518 6252 3924 3968 5223 6268 5906 4640 
269 518 961 2127 6618 30766 23053 5147 1787 831 3677 3534 3131 2479 1923 1863 2479 3060 3447 3517 3213 2595 1942 1536 1134 1579 1830 2256 2352 2367 438 853 1667 4072 14757 42352 11017 3312 1320 726 3721 3328 2804 2178 1590 1713 2215 2724 3266 3591 3348 2941 2343 1761 1352 1360 1792 2102 2427 2494 406 637 1160 2638 7712 34384 25631 6167 2218 1020 3983 3997 3367 2666 2025 2068 2685 3239 3860 3814 3373 2898 2223 1647 1257 1737 2051 2418 2741 2684 401 784 1551 3937 15453 45670 11573 3100 1305 652 4060 3737 3128 2284 1841 1825 2467 3035 3695 3911 3635 3229 2572 1944 1470 1522 1971 2236 2558 2735 
5146 5065 4093 3022 2102 1398 1044 813 559 415 931 1037 1072 1098 1049 234 304 487 680 1025 1691 3193 6340 11971 14011 16246 42161 9084 2660 1132 5341 4576 3452 2518 1706 1265 931 626 505 371 988 1031 1137 1107 1048 223 296 422 543 863 1424 2307 4495 9161 14562 8147 38054 21557 5157 1883 5447 5123 4220 3077 2261 1461 1070 781 606 421 1040 999 1063 1153 1132 269 339 499 660 1168 1922 3403 6648 12649 14708 17974 45606 10054 3008 1269 5760 5171 3998 2732 1946 1358 919 752 547 398 1072 1183 1199 1228 1215 219 280 406 612 866 1439 2663 4760 9911 15937 8477 41381 22777 5041 1764 
670 848 1253 1731 2366 2997 3902 4167 3889 3466 2131 3309 5190 6841 7196 5139 12703 20074 10717 4300 2038 1116 619 429 263 1561 1549 1436 1371 1198 749 1100 1530 2127 2772 3692 4412 4405 3713 3015 2708 4271 6248 7426 6495 3519 8491 18616 16582 7260 3189 1577 931 595 385 1515 1629 1638 1526 1314 726 1013 1360 1937 2608 3433 4239 4692 4424 3696 2451 3685 5544 7457 7925 5846 13964 22008 11833 5108 2351 1278 784 508 340 1777 1687 1679 1384 1275 868 1216 1689 2362 3306 4198 4787 4969 4263 3317 3047 4945 6875 8436 7520 4055 9363 21120 18324 8028 3472 1705 958 590 380 1787 1932 1757 1674 1519 
3185 3372 3104 2690 2230 1709 1310 975 773 580 885 1039 1114 1166 1255 72 109 153 206 462 915 2353 11412 64957 8423 15834 8037 3630 1931 1081 3436 3536 3151 2625 2035 1590 1206 911 675 553 1036 1055 1180 1211 1332 71 110 150 244 409 772 1693 5460 39100 26606 17978 12361 5639 2780 1494 3164 3431 3352 2903 2346 1769 1407 1046 786 613 927 1109 1176 1240 1330 85 136 175 300 579 1092 3019 12839 68198 9525 16301 8487 3851 2033 1157 3505 3609 3302 2766 2160 1654 1220 942 699 589 1075 1143 1273 1351 1378 56 88 119 175 352 638 1482 5255 39705 26372 18759 12812 5739 2745 1455 
2382 3386 4094 4603 4318 3525 2666 1758 1321 938 1418 1555 1753 1862 1842 514 773 1350 2471 5103 11889 18110 10794 4801 2258 5328 5322 4430 3185 2237 2932 3862 4597 4640 3883 3002 2165 1557 1173 893 1505 1717 1866 1955 1958 439 655 1059 1880 3642 8046 16966 16011 7519 3407 5115 5397 4986 3762 2655 2737 3682 4628 5016 4688 3735 2770 2047 1387 1018 1487 1760 1889 2011 2005 629 961 1453 2772 5901 13157 20254 11942 5296 2538 5840 5816 4784 3603 2405 3287 4252 5023 5048 4379 3337 2502 1769 1243 871 1624 1956 2095 2117 2112 452 661 1138 1945 3832 8730 18427 17428 8182 3597 5533 6172 5525 4182 3022 
2871 7584 22900 20420 6585 2547 1207 642 408 290 1609 1691 1594 1320 1256 853 1099 1510 1921 2748 3376 3921 3743 3329 2704 2404 3730 5633 6947 6962 4849 14555 29559 12585 4355 1929 1044 603 395 243 1695 1604 1483 1404 1254 735 982 1279 1781 2332 3013 3685 3993 3900 3214 2023 3175 4791 6533 7512 3202 8375 24993 22033 7242 2901 1474 816 472 310 1766 1673 1606 1422 1375 866 1179 1566 2147 2815 3516 3946 3923 3597 2931 2468 3868 5815 7412 7327 4976 15147 31409 12894 4317 1922 954 561 348 219 1862 1778 1735 1497 1311 835 1059 1416 1974 2539 3331 4051 4404 3977 3333 2013 3271 5070 6961 8005 
2429 3022 3264 3325 3046 2486 1951 1365 1080 879 1133 1302 1504 1559 1585 151 242 409 804 1893 5675 29017 25998 5093 1694 6613 5483 3727 2461 1622 2717 3302 3485 3323 2901 2259 1748 1302 986 800 1255 1412 1593 1670 1683 187 235 451 710 1430 3441 13131 47700 11700 3195 6841 6472 4870 3259 2173 2805 3516 3883 3806 3463 2747 2242 1643 1228 982 1264 1413 1626 1778 1819 215 371 607 1088 2346 6962 33699 30349 6284 2237 7610 6238 4186 2725 1915 3193 3907 3961 3773 3230 2582 1937 1506 1139 904 1359 1580 1843 1924 1958 140 232 360 631 1367 3472 14311 54020 12731 3333 7900 7235 5470 3665 2432 
1070 1485 1944 2520 3070 3479 3597 3322 2661 1959 1732 2414 2920 3651 3853 1224 2748 7590 24629 20428 5976 2282 1081 607 365 2240 2155 2021 1706 1408 1337 1769 2274 2969 3590 3810 3663 3075 2460 1841 2022 2783 3387 3914 3861 973 2085 4732 14820 31188 11829 3914 1757 920 549 2311 2357 2185 1951 1587 1204 1619 2219 2825 3579 4212 4141 3740 2985 2306 1911 2544 3449 4207 4260 1550 3302 8864 29157 23735 7057 2820 1322 748 450 2586 2510 2229 1874 1597 1396 1963 2541 3309 3988 4386 4128 3477 2754 2072 2287 3214 3911 4577 4432 1045 2191 5141 16570 34932 12855 4162 1820 891 512 2640 2639 2530 2196 1837 
2564 4333 7180 9437 8431 5620 3401 1994 1279 823 1788 2041 2041 1904 1745 985 1386 2064 3311 4658 6426 6880 5804 4057 2549 3731 4643 5269 4671 3738 3334 5667 8483 9182 6908 4291 2499 1619 1002 722 1816 1925 1897 1827 1618 769 1142 1714 2529 3870 5681 6786 6587 4781 3218 3001 4192 4858 5033 4114 2882 4709 7654 10016 9162 5936 3598 2214 1378 991 1911 2156 2109 2057 1912 985 1434 2275 3339 5134 6986 7461 6302 4329 2738 3975 5105 5561 5015 4001 3713 6347 9637 10437 8047 4838 2955 1797 1117 754 2065 2290 2249 2122 1896 913 1259 1874 2985 4383 6430 7951 7424 5518 3678 3507 4745 5764 5665 4843 
4817 4478 3667 2779 1912 1369 1029 718 555 418 873 940 989 1051 1046 186 293 387 593 902 1501 2906 5869 12211 15205 19915 36579 6955 2109 890 4956 4341 3393 2539 1663 1258 916 622 473 367 1005 1027 1050 1100 1062 214 242 358 514 786 1277 2270 4312 9090 15404 9517 45325 16880 4082 1582 4999 4927 3998 3004 2050 1466 1048 773 609 430 969 1034 1095 1132 1051 232 318 440 736 1051 1750 3175 6514 13244 16320 22519 39949 8126 2578 1108 5349 4715 3717 2632 1844 1326 944 709 533 419 1048 1063 1156 1252 1183 188 257 346 493 787 1321 2388 4688 9848 16871 9458 48305 17187 3938 1390 
411 684 1078 1811 3823 8376 15372 13390 6437 3016 4491 5059 4585 3702 2717 2832 3715 4511 4541 3950 2926 2235 1625 1105 850 1523 1735 1814 1855 1745 625 942 1603 2932 6111 12991 17390 10148 4682 2302 5140 5293 4517 3352 2357 2560 3406 4402 4923 4741 3765 2827 1955 1445 1041 1510 1782 1841 2034 2069 499 768 1228 2177 4168 8907 16637 14150 6992 3430 4766 5322 4832 3905 2755 2962 3888 4775 4752 4226 3250 2361 1663 1254 852 1599 1792 1968 2000 1892 570 954 1637 3062 6603 13928 18647 10805 4884 2455 5616 5640 4819 3647 2599 2673 3790 4727 5243 4952 4014 2966 2202 1542 1167 1586 1807 2030 2193 2127 
15127 11634 5853 2917 1586 953 592 410 255 186 1054 1070 983 997 905 404 500 708 1002 1344 1978 2755 3689 4716 4951 1315 3601 17291 44087 7410 15286 8928 4346 2273 1293 817 542 344 266 200 1102 1102 1113 1021 935 363 506 621 832 1274 1752 2414 3518 4410 5134 1068 2444 8074 45230 19667 16125 12473 6194 3060 1697 1031 682 485 338 223 1091 1059 1136 1040 983 425 612 762 994 1441 2077 2925 3992 4918 5273 1578 4238 18874 47549 8577 16061 9525 4622 2455 1316 814 503 375 273 182 1211 1174 1080 1068 1001 387 535 648 950 1306 1727 2537 3617 4758 5414 958 2345 8079 47230 20597 
4702 4823 3989 3152 2115 1540 1048 776 567 466 926 955 1055 1091 1058 243 315 452 734 1115 2032 3732 7571 13095 11861 15238 25688 9618 3352 1576 4991 4741 3667 2708 1958 1302 971 689 579 409 961 1060 1068 1088 1035 217 316 405 615 959 1561 2774 5418 10778 14028 9031 25109 17697 5942 2432 5114 5209 4392 3282 2404 1719 1118 885 636 480 968 1053 1128 1192 1207 244 390 495 813 1327 2145 4198 8075 13993 13140 16809 27668 10786 3916 1777 5638 5219 4102 2930 2096 1450 1063 747 565 415 1109 1177 1211 1200 1210 233 304 433 690 1028 1720 3061 6025 11840 15686 9714 27761 19605 6400 2588 
7102 11953 11621 6982 3595 2041 1144 724 491 345 1264 1280 1338 1252 1185 564 817 1089 1564 2206 3169 4364 5385 5284 4408 3637 6821 11423 11936 7310 9541 13050 9517 5112 2725 1486 982 652 419 316 1264 1320 1316 1272 1067 487 673 885 1259 1776 2605 3565 4982 5355 4907 2639 4972 9201 12598 9706 7482 12694 12407 7308 3878 2219 1302 824 555 365 1309 1370 1323 1343 1228 589 809 1090 1630 2293 3413 4629 5609 5570 4692 3745 7205 12116 12420 7661 10526 13976 10353 5480 2928 1620 1069 661 463 335 1425 1422 1434 1328 1200 553 667 1022 1432 2028 2961 4163 5417 5965 5356 2930 5355 10076 13969 10590 
2806 4308 6243 7297 6677 4678 2926 1955 1281 827 1664 1773 1952 1948 1803 823 1188 1833 2997 5046 7305 8704 6923 4589 2812 4339 5282 5414 4491 3396 3681 5580 7486 7603 5984 3827 2551 1627 1089 787 1838 1931 2103 1957 1768 744 1045 1579 2523 4266 6432 8710 8387 6093 3781 3896 5044 5533 5298 4171 3029 4594 6976 8144 7114 5076 3361 2047 1363 907 1813 1925 2078 2073 1862 939 1248 2027 3278 5373 8106 9280 7829 5064 3005 4609 5582 5801 4909 3509 3848 5835 7725 8092 6248 4064 2585 1739 1117 796 1945 2038 2085 1978 1830 724 1055 1659 2639 4221 6857 9197 8850 6462 4004 4062 5277 5920 5496 4274 
332 582 1311 4060 25297 33461 5018 1502 642 332 2818 2679 2412 1974 1605 1497 1936 2370 3001 3334 3301 3045 2295 1892 1390 1642 2177 2617 2989 3157 563 1083 2755 10264 62351 13118 3191 1273 623 364 2821 2690 2312 1877 1476 1277 1806 2365 2809 3314 3533 3273 2789 2195 1712 1592 2042 2534 2967 3317 453 770 1753 5160 28757 38339 6227 2048 842 476 2947 3019 2624 2249 1722 1680 2251 2700 3185 3698 3678 3264 2633 1983 1512 1815 2345 2799 3283 3437 514 977 2593 10069 66039 13483 2908 1063 532 298 3196 2987 2495 2007 1700 1501 1987 2528 3079 3664 3752 3616 2910 2392 1904 1697 2223 2729 3359 3565 
42160 10294 2930 1160 539 318 232 143 86 73 979 982 964 872 807 432 575 711 876 1238 1674 2128 2693 3214 3484 315 701 2028 13794 56590 25845 5906 2130 966 549 321 217 161 121 84 1071 1023 964 896 810 420 501 637 901 1174 1534 2051 2516 3099 3527 307 578 1430 5370 74355 44369 11433 3253 1410 738 462 289 168 130 102 1018 956 904 958 854 457 604 751 904 1291 1646 2231 2780 3411 3551 454 881 2636 15535 60983 27171 5775 2092 893 485 320 184 126 104 58 1138 1160 1013 1021 916 444 571 696 995 1178 1684 2197 2823 3470 3859 234 507 1213 5073 79091 
3562 4298 4477 3844 3026 2205 1545 1128 841 619 1106 1255 1306 1364 1297 265 430 554 968 1750 3537 7968 17317 15157 6646 10849 10443 6338 3526 2006 4062 4563 4228 3454 2556 1902 1326 983 716 552 1210 1255 1335 1374 1329 278 338 506 781 1404 2567 5612 12842 19164 10726 9181 11700 8750 4863 2735 4045 4627 4909 4161 3214 2334 1682 1211 890 703 1182 1283 1320 1473 1426 293 446 701 1148 1989 3975 8975 19179 16985 7620 12089 11546 7185 3996 2253 4561 4907 4750 3889 2869 2069 1521 1112 804 619 1245 1360 1514 1526 1590 227 369 487 824 1471 2881 6118 14119 21430 11946 10284 12886 9898 5494 3001 
4128 4875 4446 3705 2689 1879 1377 953 722 545 986 1133 1207 1207 1256 269 382 607 855 1519 2837 5794 11820 14765 8735 12099 14479 8326 4036 2010 4802 4871 4336 3327 2442 1689 1192 837 610 505 1096 1253 1218 1206 1234 278 359 497 820 1249 2151 4270 8776 14985 12631 9302 15503 11938 6011 3020 4563 5179 5090 4025 2976 2123 1539 1078 810 592 1115 1254 1327 1305 1389 322 467 698 974 1704 3240 6513 13042 16436 9859 13617 16241 9297 4459 2313 5208 5326 4698 3822 2548 1922 1390 990 626 511 1269 1375 1324 1378 1423 264 379 488 798 1318 2367 4650 9601 16317 13758 9944 16773 13015 6464 3156 
1962 3227 5416 8267 9543 7122 4378 2593 1618 1044 2072 2183 2324 2284 1901 1261 1786 2609 4080 5837 6949 6308 4818 3110 1993 3113 3816 4151 3976 3216 2578 4247 6910 9338 8817 5937 3465 2140 1348 924 2144 2268 2374 2221 1945 934 1481 2247 3405 5041 6640 6942 5690 3933 2504 2730 3583 4136 4175 3674 2120 3352 5978 8949 10018 7752 4681 2853 1827 1134 2168 2451 2473 2323 2129 1250 1762 2780 4316 6360 7393 6675 5121 3403 2131 3358 4060 4478 4227 3398 2691 4624 7537 10129 9528 6429 3730 2244 1400 942 2359 2505 2522 2313 2091 1042 1535 2393 3499 5278 7203 7372 6105 4146 2821 3091 3747 4510 4415 3852 
275 352 590 867 1565 2894 5764 11513 15329 9605 7896 11153 9498 5777 3101 4461 5164 4613 3770 2697 1888 1390 981 731 553 1176 1302 1358 1350 1319 345 569 777 1313 2072 4065 8383 14689 13210 7039 10210 11355 7747 4345 2549 4049 4793 4904 4374 3205 2355 1610 1157 858 643 1152 1222 1345 1379 1351 328 433 660 1027 1725 3098 6305 12572 17000 10741 8607 12329 10611 6331 3524 4883 5395 5059 4043 2923 2117 1404 1040 778 596 1316 1423 1516 1524 1447 333 523 794 1271 2208 4327 8921 15899 14359 7344 10909 12394 8535 4679 2600 4487 5260 5265 4623 3451 2515 1762 1224 911 656 1237 1402 1506 1503 1438 
1145 2029 4359 9946 17862 12990 5712 2735 1499 873 2545 2481 2506 2175 1834 1443 1949 2678 3661 4312 4544 4085 3332 2445 1709 2228 3014 3370 3569 3310 1694 3095 6605 14461 17360 8990 4099 2013 1165 691 2433 2436 2266 2081 1687 1217 1649 2227 3032 3935 4619 4449 3681 2794 2027 1999 2515 3191 3512 3516 1311 2396 4862 10953 19927 14304 6587 3057 1639 981 2631 2764 2654 2409 1991 1569 2162 2981 3900 4751 5027 4546 3585 2661 1946 2508 3191 3641 4036 3722 1596 3370 7217 15633 18999 9709 4476 2236 1227 744 2724 2838 2623 2252 1908 1305 1852 2578 3464 4372 4992 4889 4147 3077 2183 2209 2810 3413 3864 3850 
6605 6727 5504 3774 2350 1610 1037 690 506 400 1034 1074 1124 1090 1134 360 448 640 1024 1471 2355 3862 6194 8233 7663 6476 18039 20563 7667 3025 7718 6983 5091 3315 2167 1417 976 650 474 373 1148 1233 1257 1179 1095 331 454 645 865 1381 2098 3439 5609 8318 9209 4659 12411 26517 14594 5330 7242 7535 6292 3935 2649 1674 1111 779 560 425 1124 1180 1254 1209 1184 399 547 753 1174 1701 2647 4407 7032 9234 8488 7370 20597 23083 8822 3518 8205 7445 5451 3479 2274 1423 1035 716 509 379 1192 1295 1290 1275 1241 328 448 665 901 1392 2238 3591 5863 8724 9752 4719 12997 28113 15235 5475 
3243 3211 2779 2352 1806 1353 1027 820 636 484 820 850 1043 993 1117 31 70 85 167 258 459 1010 3020 19080 44762 27616 6320 2179 962 499 3310 3158 2643 2142 1657 1253 855 672 593 467 945 967 1054 1100 1063 63 67 110 148 264 422 854 2036 7625 66415 41750 13562 3958 1667 837 3472 3433 3073 2478 1948 1539 1083 896 682 505 890 989 1059 1176 1163 73 84 121 211 342 603 1305 3811 22118 50647 30869 7297 2641 1170 662 3656 3299 2865 2319 1757 1399 986 766 609 468 988 1077 1139 1161 1187 52 57 74 125 206 356 740 1782 7502 70359 44301 14238 3924 1563 742 
512 1236 3569 19093 42896 6334 1854 769 366 201 2175 2188 1912 1708 1445 1231 1555 1964 2522 3050 3310 3209 2947 2322 1801 1856 2605 3422 3981 4172 1004 2346 8571 53123 17222 3644 1384 634 384 238 2298 2168 1957 1628 1376 1089 1372 1797 2412 2930 3354 3560 3316 2705 2159 1719 2260 3112 3877 4274 755 1595 4365 21066 46970 7431 2258 995 520 295 2380 2254 2138 1747 1513 1238 1652 2120 2704 3302 3656 3578 3155 2510 1891 2037 2748 3486 4271 4521 841 2306 8155 55479 17438 3535 1230 563 334 204 2406 2378 2063 1758 1424 1163 1520 1998 2484 3214 3538 3690 3450 2868 2334 1793 2381 3229 4194 4611 
2978 4278 6082 6913 6087 4283 2804 1837 1251 775 1556 1693 1753 1861 1731 779 1056 1723 2793 4597 7451 9311 7867 4963 2860 4597 5611 5497 4558 3182 3837 5592 7003 6987 5283 3651 2364 1625 1016 780 1812 1839 1853 1819 1709 638 989 1510 2315 3864 6426 9162 9285 6602 4029 4191 5408 6086 5327 4057 3143 4684 6593 7420 6396 4471 3064 1890 1251 869 1661 1771 1930 1855 1882 852 1227 1844 2959 4911 7857 9808 8218 5274 3164 4724 5910 5975 4744 3444 4072 5958 7613 7727 5694 3987 2559 1698 1236 808 1943 1990 2051 2138 1853 647 998 1541 2486 4048 6941 9973 10137 7299 4311 4549 5802 6449 5788 4389 
1042 1422 1801 2159 2736 2888 2983 2699 2342 1765 1422 1902 2668 3225 3733 365 860 2897 34813 19348 2215 692 326 180 99 2248 2068 1882 1469 1299 1210 1679 2014 2542 2934 3078 2969 2596 2159 1672 1740 2323 2993 3621 3980 327 679 1902 8988 100795 6458 1529 596 283 162 2401 2171 1994 1696 1411 1152 1520 1916 2505 2927 3309 3364 3029 2509 2121 1566 2111 2933 3491 4185 488 1137 3818 39580 23088 2999 978 416 208 127 2449 2260 1913 1742 1440 1452 1796 2328 2935 3351 3475 3436 3020 2483 1938 1945 2762 3401 4152 4489 285 588 1586 8900 114255 6261 1280 505 232 162 2846 2538 2271 1896 1622 
3060 3279 3198 2723 2175 1630 1310 982 736 531 871 983 1142 1180 1206 111 142 212 315 577 1223 3387 14294 44347 8749 15066 8542 3914 2030 1175 3421 3525 3182 2622 2016 1620 1197 950 720 516 1040 1093 1231 1309 1260 108 131 201 311 587 1092 2366 7419 38075 22913 16634 13165 6313 3080 1671 3492 3745 3530 3064 2441 1857 1506 1100 799 663 1011 1108 1182 1285 1369 111 202 279 494 771 1663 4136 16959 50578 10282 17174 9608 4386 2313 1313 3759 3843 3468 2911 2249 1819 1281 1013 753 587 1090 1241 1287 1328 1387 79 118 161 276 493 964 2230 7272 40046 24100 17975 14021 6600 3272 1707 
2517 5306 11162 16118 9935 4457 2283 1203 686 490 1674 1775 1724 1591 1426 847 1295 1646 2395 3215 4064 4531 4421 3516 2634 2684 3914 5056 5460 4863 3859 8139 15654 14151 7041 3353 1783 1041 653 439 1772 1845 1757 1585 1365 784 1091 1541 2090 2807 3800 4552 4676 3919 3096 2319 3477 4645 5587 5575 2577 5502 11659 16825 10426 4864 2410 1333 823 504 1681 1781 1755 1598 1447 952 1290 1770 2457 3356 4181 4621 4410 3522 2515 2809 3974 5305 5768 4975 4105 8800 17211 15736 7680 3515 1878 1073 638 463 2046 1960 1811 1709 1555 858 1214 1662 2296 3275 4285 5068 5078 4483 3336 2601 3805 5280 6244 6264 
212 378 725 1908 7192 56497 12813 2781 947 448 3153 3129 2713 2183 1638 1688 2162 2633 3056 3240 3016 2496 2060 1514 1127 1515 1780 2249 2452 2527 384 679 1401 4191 22812 44136 6305 1930 834 442 3410 3112 2529 1942 1618 1568 2093 2645 3052 3313 3312 3000 2437 1921 1437 1424 1810 2181 2634 2850 295 463 953 2259 8614 63088 15083 3246 1261 596 3532 3398 2955 2381 1766 1846 2363 2960 3275 3491 3143 2679 2222 1692 1336 1664 1973 2302 2703 2847 320 556 1273 3769 22873 45570 5922 1645 707 344 3745 3403 2730 2152 1656 1713 2135 2776 3285 3546 3491 3180 2462 1971 1598 1480 1972 2305 2682 2998 
7341 7000 5252 3473 2145 1407 1005 668 467 329 987 998 996 1081 997 302 484 645 933 1349 2108 3499 5563 7506 7578 5116 18862 28918 7889 2623 7757 6548 4330 2818 1825 1196 803 557 433 325 1037 1094 1115 1050 1053 290 393 542 769 1162 1773 2848 4631 6804 8256 3340 10400 33313 16813 4905 7695 7527 5623 3597 2311 1545 980 684 494 406 1076 1092 1171 1124 1084 382 479 698 1017 1370 2350 3790 5774 8097 8230 5908 20969 31453 8996 3075 8805 7416 5117 3219 1954 1323 864 640 457 364 1201 1226 1254 1206 1158 322 456 603 845 1274 1958 3163 5171 7847 9446 3686 11276 37775 18799 5138 
1002 1820 3690 8862 18558 15302 6456 2840 1499 823 2675 2617 2518 2235 1874 1470 1986 2664 3711 4173 4356 3883 2992 2287 1659 2099 2749 3248 3355 3228 1500 2776 6200 14141 20674 10979 4592 2241 1232 759 2621 2766 2533 2167 1834 1339 1899 2427 3425 4208 4651 4348 3579 2686 2091 2004 2624 3027 3507 3586 1153 2123 4166 9730 20421 16793 7328 3349 1780 961 2771 2954 2665 2449 1959 1594 2240 3101 3939 4674 4684 4241 3322 2438 1828 2433 3005 3500 3784 3526 1490 2860 6305 14813 21682 11469 4703 2229 1156 740 2995 2877 2573 2266 1856 1378 1915 2568 3612 4350 4867 4707 3899 2915 2152 2072 2716 3298 3723 3774 
348 490 642 1000 1558 2552 4039 6450 8415 7485 4785 9675 13980 10439 5282 6435 6832 5591 3799 2464 1619 1107 722 518 372 1154 1233 1267 1220 1154 429 556 908 1292 2136 3388 5461 8110 9006 6813 7134 13168 14044 7986 3882 5834 7184 6781 4993 3333 2159 1405 960 635 444 1143 1249 1217 1293 1281 417 543 842 1100 1703 2730 4663 7262 9476 8541 5327 10480 15943 11610 5837 7287 7664 6266 4236 2799 1665 1242 801 594 436 1232 1308 1408 1385 1222 494 633 971 1428 2224 3656 6011 8797 9618 7304 8024 14280 15282 8360 4234 6429 7783 7432 5500 3559 2425 1569 1028 672 477 1304 1342 1431 1389 1365 
38 71 122 192 493 1464 9530 74196 3287 795 6171 5273 3822 2552 1724 2387 2816 3043 2899 2599 2174 1722 1347 996 838 1164 1359 1524 1700 1725 81 117 168 402 926 3649 68981 11975 1769 619 6191 4867 3332 2292 1493 2291 2705 3136 3176 2981 2642 2002 1553 1223 949 1124 1342 1539 1684 1814 38 88 110 278 557 1730 10992 81015 3967 1035 6422 5657 4100 2705 1852 2503 3024 3206 3180 2774 2293 1796 1465 1100 816 1311 1383 1651 1816 1746 62 90 152 301 834 3306 72672 11365 1519 523 6613 5175 3520 2322 1682 2461 2994 3276 3416 3000 2709 2170 1695 1321 948 1246 1407 1591 1706 1864 
10651 13096 8880 4759 2562 1423 946 525 405 287 1143 1192 1130 1139 1097 448 644 863 1241 1739 2612 3640 4845 5665 5224 3222 7484 18407 19267 7887 13159 11679 6675 3526 1931 1186 778 527 394 245 1234 1255 1227 1153 1109 462 564 772 1042 1525 2216 3293 4409 5483 5761 2376 5066 12775 23641 13417 11321 13592 9327 4966 2687 1559 954 659 461 334 1243 1251 1305 1215 1113 475 701 976 1355 1923 2722 4003 5251 5995 5601 3498 8162 19625 20703 8559 14291 12499 7140 3647 2064 1195 838 552 391 278 1318 1309 1390 1294 1256 488 587 826 1176 1645 2391 3476 4930 6147 6295 2323 5196 13274 25041 14192 
16081 10274 4944 2337 1235 728 470 326 225 154 942 1008 993 884 904 393 514 662 878 1225 1751 2355 3374 4129 4523 635 1873 9552 78115 5941 14907 7501 3515 1812 1039 679 485 301 244 183 1046 1016 945 906 862 348 494 573 814 1146 1537 2142 3090 4105 4741 534 1358 4484 43419 21365 17174 11087 5199 2559 1397 870 592 366 258 208 1055 1026 1012 978 917 442 543 695 983 1271 1905 2616 3591 4320 4974 872 2351 11472 85745 7192 15944 8030 3820 1843 1130 735 467 300 209 179 1079 1097 1079 1035 943 341 491 682 902 1186 1614 2295 3235 4460 5062 460 1056 4015 44890 21829 
1418 1939 2816 3888 4973 5473 4746 3517 2468 1779 2066 2462 2912 3138 3006 1424 2425 4720 9170 13455 10852 5737 2955 1666 936 2917 2890 2723 2436 1935 1646 2409 3259 4447 5384 5044 4161 2981 2100 1492 2257 2808 3005 3017 2799 1103 1849 3417 6633 11673 13152 8001 4100 2210 1337 2693 2942 2853 2630 2179 1403 2078 2943 4088 5235 5557 4871 3759 2645 1839 2104 2602 3003 3261 2989 1550 2581 4981 9603 14193 11384 6258 3169 1742 1018 2995 3036 2855 2533 2037 1809 2628 3745 5048 5958 5716 4544 3367 2419 1644 2534 2999 3440 3410 3273 1209 2088 3743 7328 13292 14592 8787 4624 2357 1412 2981 3226 3299 2902 2392 
824 1416 2361 4412 8551 12876 10142 5764 3007 1634 3059 3332 3307 2919 2443 1947 2844 3874 4949 5165 4626 3469 2486 1695 1089 1969 2378 2614 2578 2275 1096 1861 3387 6561 11476 13017 8149 4342 2241 1372 3307 3302 3329 2659 2222 1677 2428 3447 4615 5445 5236 4213 3007 2117 1436 1906 2299 2480 2662 2578 987 1576 2691 4904 9646 14194 11459 6147 3297 1834 3266 3661 3631 3273 2696 2139 3116 4269 5537 5730 5081 3841 2702 1878 1294 2193 2610 2824 2764 2637 1253 2112 3594 7092 12931 14578 9102 4764 2633 1467 3742 3990 3571 3113 2444 1858 2737 3957 5315 6042 5976 4721 3561 2421 1641 2123 2672 2849 3069 2875 
2699 5536 11078 14592 9031 4457 2290 1234 778 515 1706 1680 1647 1599 1430 818 1226 1712 2369 3350 4373 4879 4450 3724 2699 3006 4216 5511 5762 4877 4246 8673 14891 12835 6793 3281 1859 1115 702 478 1846 1891 1728 1629 1356 808 1043 1513 2112 2971 4045 4844 5082 4316 3392 2503 3692 5102 6175 5701 3204 6268 12951 16834 10408 5212 2659 1544 909 577 1908 2014 1991 1802 1658 1046 1349 1926 2649 3971 4717 5622 5256 4085 3007 3339 4841 6312 6580 5503 4461 9553 15971 14251 7504 3475 1959 1111 722 472 2067 2078 1910 1770 1595 881 1233 1635 2334 3332 4432 5338 5549 4979 3699 2774 4106 5533 6692 6214 
103 139 201 318 512 897 1972 5375 19968 28346 17949 16411 6669 2853 1435 3531 3347 3101 2378 1870 1415 1033 711 571 467 968 1032 1134 1171 1126 130 186 301 463 800 1497 3606 11008 35422 15925 21319 11412 4678 2176 1210 3629 3722 3449 2929 2243 1742 1279 970 717 575 938 1066 1057 1234 1254 136 197 286 436 653 1165 2287 6212 22476 30698 19484 17865 7479 3271 1653 3777 3704 3227 2661 2005 1505 1200 835 639 498 1014 1157 1193 1147 1220 110 181 285 408 752 1519 3702 11654 38558 16757 23294 12393 5047 2346 1262 3963 4236 3920 3236 2517 1934 1400 1021 809 597 1001 1082 1248 1316 1344 
2847 4482 6513 7589 6417 4356 2740 1792 1150 779 1636 1777 1819 1854 1697 757 1100 1726 2697 4428 6578 7742 6770 4575 2900 4047 5164 5519 4741 3441 3797 5913 7779 7638 5573 3716 2336 1403 959 662 1728 1878 1970 1819 1619 692 967 1499 2305 3786 5751 7785 7947 5974 3692 3800 5052 5990 5473 4338 3153 4995 7239 8356 6965 4693 2956 1887 1273 890 1681 1846 1916 1870 1861 816 1236 1887 3064 4791 7246 8662 7405 5203 3131 4496 5650 6005 5306 3700 4121 6263 8576 8325 6034 3811 2453 1549 1104 679 1875 2074 2112 1996 1824 676 1074 1556 2498 4156 6338 8410 8752 6615 4162 3931 5448 6289 5984 4555 
42523 14735 3432 1334 612 329 192 168 112 81 1010 1071 974 917 826 431 600 734 968 1304 1688 2187 2856 3341 3264 560 1218 3417 16876 44357 36947 7554 2516 1072 620 349 248 173 119 84 1135 1019 1001 875 857 427 527 671 901 1225 1604 2150 2785 3180 3678 550 998 2346 8049 48622 47968 17314 4247 1696 802 474 329 193 143 125 1099 1187 1035 1007 905 531 642 793 1128 1464 1995 2608 3157 3541 3760 766 1603 4326 19824 50396 39568 7728 2360 1006 527 293 206 132 93 77 1200 1157 1101 1006 943 442 549 781 996 1290 1801 2313 2924 3513 3906 416 918 2101 7938 51399 
4472 4667 4181 3359 2441 1672 1206 845 630 458 993 1068 1106 1166 1159 263 323 459 711 1305 2143 4545 9375 15021 11192 14960 18810 8628 3553 1801 4988 4722 4169 2968 2052 1465 1090 784 619 430 1101 1138 1189 1185 1211 240 328 465 639 1013 1828 3369 6977 13726 15214 10543 20544 14442 6011 2606 4786 5050 4553 3602 2676 1805 1279 936 682 540 1081 1131 1094 1252 1237 287 378 583 867 1345 2490 4898 10324 16296 12029 16305 20180 9390 3966 1853 5345 5410 4424 3282 2324 1643 1142 825 659 505 1130 1283 1368 1354 1334 239 328 466 727 1104 1890 3593 7884 15073 16725 11168 22840 15714 6318 2911 
18549 23554 8091 2969 1333 709 378 268 197 112 1172 1091 1097 969 979 513 650 831 1240 1527 2051 2659 3348 3810 3775 1357 2919 8022 22507 18920 27654 15162 5011 2139 1124 670 410 271 181 148 1142 1085 1101 1023 893 434 550 744 1005 1355 1827 2508 3155 3723 3871 1163 2145 4957 14538 26828 19927 25216 8892 3298 1627 846 548 372 233 170 1144 1171 1100 1001 969 524 690 878 1253 1662 2177 2883 3536 4095 3940 1575 3385 8654 24114 20470 30640 16474 5456 2257 1133 661 368 259 184 119 1221 1299 1214 1116 1082 516 672 798 1150 1512 2114 2722 3620 4182 4413 1123 2287 5293 15921 29919 
175 330 596 1212 3329 13541 44517 9387 2587 1124 4121 4049 3350 2642 1876 2073 2643 3186 3356 3221 2770 2207 1744 1242 903 1368 1636 1975 2024 2100 325 601 1094 2419 7093 35704 25630 5666 1964 904 4717 4171 3339 2404 1760 2038 2553 3137 3642 3672 3265 2635 2087 1588 1180 1355 1614 1878 2099 2317 258 423 793 1568 4029 15165 49798 11317 3296 1395 4655 4513 3744 2792 2048 2289 3004 3383 3756 3461 3138 2354 1829 1367 1102 1503 1838 2052 2334 2326 289 497 959 2077 7027 37372 26255 5391 1779 812 4774 4458 3414 2541 1924 2167 2788 3288 3769 3932 3519 2938 2378 1731 1314 1431 1746 2118 2324 2533 
1295 2139 3825 6582 10085 10074 6444 3683 2148 1245 2471 2609 2653 2551 2154 1463 2285 3277 4704 5695 5836 4617 3323 2306 1518 2461 2926 3182 3082 2674 1714 2904 5287 8749 11116 8744 5027 2879 1722 1032 2602 2838 2763 2395 2032 1267 1917 2798 4075 5498 6206 5608 4201 2750 1843 2278 2683 3121 3303 3016 1368 2419 4023 7213 10972 10853 7108 3943 2313 1338 2555 2925 2853 2793 2400 1661 2458 3467 4998 6191 6279 5154 3528 2361 1642 2750 3161 3364 3334 3074 1829 3240 5736 9843 12594 9666 5571 3136 1861 1187 2964 3118 2974 2706 2210 1400 2134 3116 4546 6056 6857 6223 4566 3168 2119 2526 3132 3547 3623 3444 
81 92 158 254 334 609 1137 2402 6713 23343 30273 27283 3283 997 428 3569 3285 2651 2060 1517 1057 840 593 489 358 871 928 929 986 1001 139 147 243 332 550 913 1841 4142 12908 33656 85011 8968 2185 850 423 3934 3602 3038 2351 1833 1369 994 732 545 437 792 910 962 1029 1053 121 133 227 281 466 737 1345 2722 7337 25295 33631 30469 4230 1330 589 4078 3506 2783 2086 1626 1232 893 675 529 438 954 992 1115 1045 1073 112 150 197 321 503 922 1798 4249 13642 35276 89521 8530 1830 696 323 4097 3813 3171 2556 1928 1387 1080 767 577 491 913 926 1085 1045 1059 
894 1275 2035 3427 5879 8667 8843 6288 3759 2190 3013 3487 3819 3480 2907 2287 3389 5054 6425 6156 4735 3281 2090 1419 1050 1940 2193 2219 2189 1987 1091 1784 2905 4866 7992 9831 8089 5308 3108 1893 3601 3958 4071 3408 2720 2017 3102 4593 6308 7089 5888 4155 2900 1917 1313 1925 2238 2436 2469 2248 894 1442 2304 3818 6490 9250 9788 7061 4211 2443 3334 3920 4160 3845 3095 2549 3874 5570 7154 6804 5386 3500 2387 1605 1045 2214 2364 2507 2396 2145 1160 1856 3103 5066 8185 10525 8817 5680 3244 2031 3793 4196 4197 3662 3008 2109 3265 4943 6700 7435 6652 4723 3084 2027 1337 2018 2335 2492 2504 2461 
1920 3225 5120 7469 7931 6290 3931 2333 1482 979 1886 2056 2166 2160 1830 1029 1512 2495 3742 5640 6985 6704 4919 3203 2073 3213 3867 4191 3598 3074 2505 4294 6646 8529 7747 5248 3273 2040 1269 888 2039 2240 2197 2008 1826 871 1343 2000 3085 4717 6741 7323 6045 4080 2650 2877 3718 4101 4156 3524 2301 3611 5812 8487 9344 6964 4446 2665 1732 1107 2095 2221 2465 2307 2153 1177 1748 2713 4340 6288 7900 7465 5480 3608 2322 3537 4331 4602 4184 3548 3018 4897 7575 9641 8668 5927 3709 2240 1480 961 2312 2457 2512 2452 2102 1036 1492 2279 3544 5472 7715 8460 7179 4636 3045 3333 4198 4902 4745 4095 
576 802 921 1279 1765 2397 3055 3618 3646 3353 1634 2796 5064 8482 11350 10529 30433 14523 4502 1733 893 522 326 194 130 1382 1321 1258 1167 1007 664 855 1129 1545 2038 2685 3370 3561 3529 3266 2189 3803 6746 10484 10493 5966 20334 26542 8308 2867 1410 759 471 308 207 1338 1337 1376 1258 1099 619 799 1090 1400 1858 2522 3259 3816 3943 3683 1786 2938 5335 9178 12102 11732 32775 16186 5093 2127 1074 606 382 257 191 1460 1455 1374 1181 1051 795 1024 1321 1704 2392 3179 3831 4257 4273 3668 2406 4319 7848 12136 12079 6588 22655 30160 9000 3194 1418 762 443 287 202 1570 1537 1628 1376 1245 
932 1217 1613 2198 2772 3263 3771 3532 2971 2451 1667 2361 3383 4329 5016 1661 4169 17402 36741 9021 2864 1150 591 322 209 2032 1948 1714 1562 1287 1141 1471 1936 2469 3105 3502 3719 3313 2775 2147 2124 3118 4174 4782 5037 1230 2913 8934 35967 20151 5139 1945 964 543 309 2029 1928 1947 1680 1433 978 1330 1748 2331 2942 3509 3955 3788 3164 2564 1881 2683 3647 4740 5397 1986 5012 19039 40273 9937 3185 1413 754 483 304 2195 2094 1888 1631 1346 1130 1549 2061 2848 3361 3901 3946 3670 2971 2330 2277 3197 4444 5442 5478 1146 2878 9141 39135 21057 5024 1888 905 479 287 2252 2253 2076 1855 1524 
378 623 1236 3125 9826 34255 16285 4493 1756 783 3348 3369 2954 2371 1955 1826 2384 3085 3520 3635 3318 2770 2227 1673 1186 1646 2096 2347 2503 2454 639 1031 2230 5722 20997 32785 8889 3144 1363 749 3684 3342 2720 2204 1789 1646 2101 2869 3475 3758 3865 3224 2623 2016 1499 1562 2031 2313 2562 2732 511 849 1469 3506 10689 37597 17970 5153 1991 1012 3647 3551 3207 2619 1978 1985 2577 3248 3715 3960 3750 3100 2287 1864 1359 1855 2230 2564 2735 2804 554 951 2158 5813 22075 34177 8952 2885 1238 656 3681 3566 2976 2395 1776 1778 2370 3042 3613 4039 4089 3472 2772 2100 1660 1674 2022 2455 2852 2892 
10246 10630 7210 3979 2333 1444 900 590 435 328 1126 1181 1174 1133 1090 435 581 798 1161 1651 2426 3599 5046 6007 6213 3221 9218 26437 18460 5893 11144 9190 5444 3053 1875 1151 711 522 367 267 1165 1135 1192 1138 1013 419 483 693 946 1366 2000 2960 4342 5647 6401 2401 5588 16659 27967 10666 11120 11583 7776 4410 2575 1470 943 697 502 334 1146 1195 1200 1228 1152 471 641 860 1190 1702 2553 3855 5473 6629 6609 3628 10325 28495 20050 6609 12355 10087 6194 3266 1962 1287 829 534 397 280 1286 1298 1309 1227 1122 407 516 726 1060 1451 2174 3288 4698 6318 6996 2517 5873 18083 30906 11379 
4717 9018 12843 10240 5406 3007 1702 1039 657 434 1474 1534 1507 1447 1405 724 960 1371 1981 2848 4052 5176 5737 4869 3718 3703 5993 8171 8064 5972 6562 11287 12209 7812 4158 2288 1330 876 559 380 1542 1525 1597 1447 1280 550 829 1113 1690 2400 3465 4598 5516 5435 4328 2980 4816 7215 8490 7228 5195 9547 13669 10919 6125 3275 1843 1134 754 517 1575 1612 1626 1575 1407 782 1044 1469 2179 3113 4370 5424 5964 5233 3935 3891 6406 8683 8745 6283 7230 12606 13503 8510 4487 2436 1444 880 619 386 1648 1653 1689 1581 1430 683 909 1236 1797 2599 3827 5114 6083 5863 4711 3170 5192 7799 9496 7943 
229 297 391 589 829 1341 2180 3697 6536 10161 2435 15359 55139 4694 1215 5998 4760 3329 2319 1584 1043 746 503 406 300 904 1043 1054 993 950 237 377 543 753 1063 1733 2870 5019 8495 11020 6313 67586 14417 2687 1004 6280 5383 4181 2822 1861 1230 911 600 523 360 987 939 1016 1010 986 243 326 409 637 881 1422 2257 3958 7005 10897 2982 17865 60254 5634 1673 6536 5081 3687 2461 1630 1035 724 592 425 335 993 1073 1091 1086 1035 265 363 544 755 1156 1825 3013 5529 9172 11838 5519 70907 14211 2410 818 6794 5937 4433 3095 2067 1364 954 687 535 390 993 1040 1111 1111 1094 
941 1390 2262 3517 5418 7190 6952 5085 3293 2052 2568 3218 3564 3467 3024 2084 3411 5447 7476 7628 5749 3705 2248 1426 981 2132 2335 2302 2170 1952 1348 1946 3167 4970 7097 8172 6779 4592 3002 1864 3249 3656 3959 3653 3025 1857 3003 4780 7252 8728 7571 4938 3222 1975 1364 2228 2380 2637 2451 2313 1057 1647 2588 4062 6088 8111 7862 5773 3804 2428 2957 3556 3985 3893 3344 2340 3958 5933 8301 8520 6540 4088 2569 1677 1078 2375 2484 2511 2388 2133 1395 2176 3536 5343 7555 8880 7515 4926 3101 2076 3489 3971 4278 3875 3215 2095 3289 5076 7743 9493 8287 5416 3448 2182 1362 2348 2692 2790 2684 2434 
985 1286 1715 2226 2795 3239 3458 3140 2718 2241 1673 2275 3175 3751 4272 1167 2980 10893 41347 12999 3438 1294 699 404 210 2102 2029 1829 1550 1297 1157 1544 2033 2758 3287 3522 3578 3144 2468 2032 1959 2754 3679 4341 4505 1019 2132 6076 25552 31199 7106 2338 1130 643 361 2165 2200 1923 1694 1506 1036 1388 1852 2403 3041 3637 3700 3372 2918 2286 1792 2458 3294 4207 4574 1462 3436 11859 44382 14676 4076 1587 843 493 298 2209 2182 1936 1691 1374 1274 1770 2249 2852 3512 3891 3780 3424 2773 2060 2195 3084 3889 4776 4741 938 2029 6010 26825 32604 6940 2259 1037 561 295 2290 2362 2196 1852 1613 
1479 2191 3132 4468 5744 5692 4606 3181 2183 1517 1994 2310 2600 2578 2575 1286 2096 3572 6312 9583 9773 6468 3579 2026 1289 2805 3154 2956 2681 2122 2009 3016 4419 5872 6401 5838 4304 2965 2029 1294 2310 2709 2963 2893 2578 1170 1764 2950 5327 9072 11531 9028 5402 3084 1837 2907 3326 3385 3145 2666 1670 2409 3604 4979 6397 6384 5097 3504 2471 1591 2178 2574 2852 2963 2765 1428 2304 3994 7001 10638 10749 7175 4043 2306 1420 3196 3440 3339 2839 2335 2050 3106 4489 6024 6873 5965 4527 3041 1987 1392 2459 2922 2941 2932 2784 1067 1797 3134 5485 9295 11993 9411 5516 3139 1848 3055 3431 3576 3229 2851 
213 341 484 753 1238 2211 4345 9314 15684 12275 9185 14254 11506 5687 2935 4624 4867 4274 3307 2470 1744 1135 850 648 497 1116 1299 1255 1339 1224 294 445 631 957 1656 3145 6434 13184 15703 8878 12285 14032 8476 4297 2296 4245 4946 4675 3798 3000 2036 1511 1049 787 561 1038 1171 1253 1328 1292 278 383 566 804 1385 2419 4780 10035 16787 13084 9657 14952 12097 6166 3173 4875 5168 4555 3477 2561 1888 1276 938 665 471 1163 1243 1352 1367 1318 299 432 705 1111 1897 3474 7342 14734 17548 9819 13706 15768 9161 4691 2445 4767 5397 5501 4280 3303 2296 1613 1203 829 637 1269 1342 1441 1442 1471 
181 256 381 521 845 1503 2820 6563 13907 16095 11287 20382 11975 4780 2196 4427 4144 3681 2764 2008 1404 1033 795 507 433 950 1064 1115 1157 1149 271 359 542 786 1346 2414 4832 10863 18810 13764 18751 19783 8416 3610 1832 4722 5062 4489 3522 2591 1807 1409 960 707 552 999 1126 1152 1185 1254 236 290 455 611 1005 1786 3400 7380 15587 18091 12852 23102 13285 5365 2589 4896 4855 3966 3129 2260 1630 1098 815 657 469 1114 1232 1253 1293 1261 237 331 530 791 1367 2393 5003 11569 20198 14314 19881 20855 8900 3742 1779 4956 5233 4799 3713 2768 2044 1446 1037 767 593 1090 1211 1237 1422 1275 
604 817 1123 1600 2270 3101 4271 4815 4707 3909 2395 4006 6323 8403 7658 6751 13107 14826 8265 3744 1920 1120 687 479 284 1506 1496 1502 1282 1214 711 958 1439 2036 2861 3833 4636 5037 4503 3623 3319 5151 7728 8875 6978 4949 10107 16105 12114 5759 2916 1541 918 627 412 1509 1586 1517 1537 1318 674 887 1194 1701 2497 3394 4414 5094 5036 4232 2653 4137 6762 8831 8281 7357 14097 15697 8554 4218 2159 1209 800 522 359 1537 1611 1618 1355 1250 763 981 1474 2141 3062 3958 4864 5320 4737 3608 3433 5596 8213 9343 7214 4957 10593 16968 12456 6133 2897 1490 1014 650 389 1547 1667 1585 1480 1327 
711 989 1620 2600 4834 8193 10504 8369 4813 2775 3473 4141 4397 3823 2936 2654 3893 5081 5837 5161 3937 2731 1756 1237 847 1750 1873 2015 2023 1902 868 1354 2168 3587 6669 10061 10007 6659 3688 2098 3982 4409 4322 3535 2571 2154 3199 4676 5764 5796 4620 3258 2211 1553 1058 1629 1884 2013 2039 2016 786 1118 1821 2961 5609 9305 11822 9402 5490 3081 3995 4762 4881 4360 3359 2970 4273 5897 6617 5896 4352 2996 1990 1397 931 1895 2178 2271 2354 2048 952 1539 2471 4363 7494 11763 11539 7593 4289 2433 4740 5226 4992 4064 3096 2693 3823 5441 6719 6832 5365 3917 2667 1787 1255 1841 2189 2406 2501 2340 
411 566 757 1022 1514 2010 2768 3586 4335 4213 1609 3254 7153 15672 16151 16175 15633 7082 3178 1578 872 560 355 267 182 1156 1105 1085 1070 996 508 709 951 1293 1786 2573 3379 4293 4621 4240 2387 4974 11653 19698 12414 12398 19702 11864 4883 2361 1328 764 538 337 233 1202 1213 1180 1133 1066 422 704 907 1232 1626 2274 3112 4103 4712 4773 1845 3494 8059 17703 18353 18202 17907 8006 3712 1881 1083 730 439 293 220 1213 1347 1168 1155 1018 550 774 1034 1433 1950 2781 3694 4651 4994 4763 2541 5283 12681 21238 13432 13299 21316 12676 5453 2486 1331 827 526 344 228 1347 1395 1292 1295 1173 
1326 1732 2211 2746 3145 3149 2881 2465 1923 1452 1410 1772 2167 2624 2847 388 663 1622 5832 44673 17233 3301 1061 500 278 2923 2626 2171 1803 1403 1588 2088 2732 3218 3405 3321 2906 2369 1870 1414 1594 2014 2632 2896 2928 356 645 1316 3600 17048 53893 7707 2190 940 504 3148 2927 2667 2069 1696 1469 1956 2434 2979 3324 3492 3180 2750 2077 1602 1475 1940 2403 2836 3017 488 925 2191 7195 50046 19909 4007 1455 722 405 3151 2870 2404 1946 1502 1774 2375 2925 3434 3838 3698 3274 2635 2058 1603 1919 2364 2883 3298 3350 331 572 1179 3511 18242 59191 7895 2083 877 433 3556 3390 2952 2515 1910 
224 277 377 548 875 1343 2182 3799 6767 9612 3305 16657 43217 6373 1798 5658 4693 3310 2255 1471 1027 757 491 381 303 878 991 1022 940 939 289 418 532 840 1146 1881 3249 5650 9281 11055 8060 50919 18160 3801 1422 6256 5951 4531 3031 2108 1406 970 680 518 391 921 1021 1061 1041 1099 298 327 452 722 970 1556 2451 4420 7581 11037 4188 19985 49805 7817 2338 6526 5381 3836 2533 1764 1166 878 627 485 356 1031 1078 1154 1111 1024 277 346 564 788 1256 2023 3242 5902 9613 11675 7898 53023 17983 3553 1213 6866 6108 4772 3280 2216 1455 1018 679 500 422 1062 1072 1140 1170 1082 
3426 3742 3866 3475 2743 2011 1479 1143 802 587 1043 1154 1277 1289 1395 185 243 410 651 1186 2502 6975 22418 22899 7226 12737 9834 5355 2844 1626 3747 3975 3732 3143 2489 1759 1338 1020 768 607 1088 1274 1401 1387 1377 204 275 369 603 1022 1954 4439 13308 30824 13701 11971 12115 7556 4172 2207 3742 4272 4127 3701 2995 2308 1742 1234 886 651 1089 1279 1361 1415 1453 213 312 499 746 1506 3038 7932 24615 25730 8268 13925 10671 6083 3221 1915 4140 4398 4173 3404 2643 2009 1439 1098 807 614 1221 1367 1429 1495 1582 156 238 338 554 975 1962 4570 14049 33902 14691 12912 13274 8321 4394 2492 
289 458 717 1130 1978 3826 8027 14144 12523 6361 6407 8145 7271 4958 3101 3887 4393 4671 4061 3094 2173 1599 1077 827 567 1174 1342 1445 1583 1487 420 588 972 1560 2813 5738 11622 15162 9506 4522 7556 8256 6287 3990 2556 3358 4416 4878 4635 3751 2717 1994 1338 1012 697 1178 1341 1396 1587 1504 354 508 800 1280 2279 4459 8916 15673 13970 7116 7016 8731 7969 5503 3458 4140 5102 5302 4504 3382 2464 1747 1240 895 671 1397 1594 1606 1616 1560 441 659 1047 1737 3194 6422 13009 16976 10567 5031 8629 9181 7075 4660 2755 3774 4971 5353 5172 4099 3033 2204 1547 1109 784 1379 1511 1689 1710 1714 
740 988 1549 2218 3470 5150 6377 6353 4938 3526 3064 4285 5385 5492 4615 3738 6309 9355 9315 6418 3755 2254 1353 928 580 1749 1928 1810 1734 1517 902 1294 1954 2851 4212 5851 6735 6006 4416 2962 3775 5023 5843 5345 4136 2909 4956 8217 10007 8231 4955 3034 1709 1113 776 1642 1826 1904 1785 1619 791 1131 1634 2470 3744 5609 6782 6855 5411 3768 3361 4718 5750 5841 4979 4041 6844 10024 9949 6986 4066 2411 1418 995 656 1897 1916 1994 1936 1686 998 1409 2167 3275 4877 6726 7703 6731 4870 3276 4395 5813 6463 6043 4627 3371 5677 9168 11227 9227 5697 3331 2007 1235 871 1958 2118 2133 2094 1842 
3690 5520 6937 6582 4995 3207 2116 1353 943 650 1438 1471 1567 1555 1523 591 863 1260 2060 3343 5521 7804 8530 6214 3892 5294 7203 7257 5602 3591 4918 6584 7454 6310 4180 2788 1692 1165 873 598 1511 1673 1711 1663 1447 551 784 1082 1756 2761 4585 7294 9111 7978 5249 4490 6794 7956 6800 4777 3993 5993 7317 7292 5333 3458 2261 1500 1066 719 1470 1591 1753 1660 1608 621 955 1413 2184 3583 5731 8656 9072 6777 4263 5761 7715 7945 5950 3992 5388 7220 8118 6751 4631 2968 1866 1326 858 620 1587 1696 1793 1791 1611 576 815 1183 1851 2976 4893 7811 9774 8693 5849 4871 7236 8581 7429 5173 
633 819 1103 1435 1953 2592 3342 3573 3592 3288 1737 2896 4820 7663 8914 6989 22010 21123 6636 2557 1175 662 373 239 166 1489 1371 1337 1141 1041 723 1003 1311 1885 2464 3236 3847 4117 3787 3096 2323 4122 6663 9388 8959 4644 13759 30666 13340 4562 2032 1032 606 403 240 1570 1546 1477 1327 1237 697 885 1158 1565 2186 2891 3531 4067 3999 3554 1853 3173 5246 8132 9758 8154 24252 23414 7739 3011 1374 798 455 330 258 1569 1554 1455 1380 1142 848 1126 1466 1981 2622 3546 4064 4414 4164 3479 2622 4348 7128 9902 9723 4855 14511 32918 14179 4677 1982 968 575 357 210 1710 1751 1640 1481 1358 
638 861 1137 1462 2024 2707 3302 3802 3680 3242 1759 2901 4736 7363 8890 6471 22243 24954 7251 2549 1275 609 384 228 168 1482 1443 1418 1239 1136 775 1015 1382 1831 2422 3118 3733 3907 3700 3018 2418 3897 6296 8832 8853 4238 12676 33310 14795 4562 1917 997 618 365 233 1581 1540 1526 1433 1187 731 945 1147 1573 2192 2826 3444 3950 3945 3472 1903 3117 5134 7856 9358 7233 24517 26603 8029 2980 1421 783 499 348 200 1549 1561 1401 1319 1165 855 1122 1571 2019 2657 3375 3986 4308 4164 3232 2495 4351 6875 9289 9510 4204 13327 35415 15220 4693 2019 947 528 303 213 1646 1735 1647 1488 1368 
5013 4840 3929 2911 1900 1407 1015 717 529 399 901 1022 1051 1059 1037 228 309 425 614 1002 1670 3027 6215 11775 14209 16991 39800 8453 2457 987 5454 4740 3559 2616 1845 1252 921 676 513 398 1042 1118 1177 1078 1093 198 300 360 578 911 1478 2508 4742 9851 15604 8744 41067 21236 5116 1904 5245 5279 4116 3020 2147 1494 1057 796 617 468 975 1075 1123 1097 1129 262 323 481 701 1178 1872 3324 6772 12927 15258 19048 43485 9701 3017 1324 5705 5081 3880 2770 1965 1405 987 728 524 401 1126 1126 1167 1225 1199 219 301 413 587 887 1435 2578 5010 10073 16276 8608 42893 21565 4804 1647 
